,open,high,low,close,volume,vwap,timestamp,transactions,otc
0,23.37,23.4,23.075,23.4,1093181.0,23.2708,1550581200000,8347,
1,23.3945,23.4,23.27,23.31,2448954.0,23.3327,1550595600000,15985,
2,23.29,23.29,23.29,23.29,475258.0,23.29,1550610000000,23,
3,23.43,23.5,23.285,23.5,1017102.0,23.3875,1550667600000,8106,
4,23.495,23.73,23.435,23.66,2245780.0,23.6151,1550682000000,16412,
5,23.66,23.66,23.66,23.66,70075.0,23.6599,1550696400000,27,
6,23.66,23.87,23.59,23.7,1201538.0,23.7388,1550754000000,8702,
7,23.7,23.7125,23.36,23.405,2165533.0,23.4682,1550768400000,14900,
8,23.41,23.41,23.41,23.41,821167.0,23.41,1550782800000,16,
9,23.54,23.885,23.54,23.725,1266833.0,23.7607,1550840400000,9198,
10,23.72,23.83,23.65,23.75,1380549.0,23.7417,1550854800000,10623,
11,23.75,23.75,22.7,23.75,46786.0,23.7094,1550869200000,28,
12,23.88,23.98,23.685,23.805,514476.0,23.8141,1551099600000,4505,
13,23.81,23.82,23.64,23.66,1195155.0,23.7062,1551114000000,9730,
14,23.65,23.65,23.65,23.65,597865.0,23.65,1551128400000,23,
15,23.64,23.7,23.48,23.59,820874.0,23.6007,1551186000000,6853,
16,23.6,23.8568,23.43,23.625,3393858.0,23.6778,1551200400000,16422,
17,23.63,23.63,23.63,23.63,32645.0,23.63,1551214800000,20,
18,23.47,23.57,22.84,23.015,2266744.0,23.0719,1551272400000,14241,
19,23.02,23.03,22.8,23.01,2929389.0,22.9244,1551286800000,16020,
20,23.01,23.01,23.01,23.01,21496.0,23.0099,1551301200000,17,
21,22.77,23.025,22.635,22.985,2245966.0,22.8493,1551358800000,13832,
22,22.99,23.15,22.91,23.03,3967404.0,23.039,1551373200000,23589,
23,23.03,23.03,23.03,23.03,90468.0,23.0299,1551387600000,32,
24,23.27,23.415,22.895,22.915,1824926.0,23.188,1551445200000,12328,
25,22.915,23.15,22.75,23.13,3332102.0,22.945,1551459600000,21406,
26,23.13,23.13,23.13,23.13,53988.0,23.1298,1551474000000,17,
27,23.18,23.42,23.065,23.09,1563509.0,23.2698,1551704400000,10332,
28,23.09,23.1,22.775,22.96,2461370.0,22.9871,1551718800000,15332,
29,22.96,22.96,22.96,22.96,69727.0,22.9599,1551733200000,23,
30,22.92,23.03,22.835,22.935,831572.0,22.9132,1551790800000,6293,
31,22.93,23.07,22.915,22.95,2446446.0,22.998,1551805200000,11951,
32,22.94,22.94,22.94,22.94,69364.0,22.94,1551819600000,17,
33,22.94,23.02,22.795,22.81,906123.0,22.8888,1551877200000,6576,
34,22.81,22.96,22.715,22.85,1978848.0,22.8435,1551891600000,14663,
35,22.85,22.85,22.85,22.85,84209.0,22.8501,1551906000000,19,
36,22.88,22.89,22.57,22.7,674095.0,22.6908,1551963600000,5036,
37,22.7,22.72,22.35,22.36,1749755.0,22.4674,1551978000000,12836,
38,22.35,22.35,22.35,22.35,31310.0,22.35,1551992400000,16,
39,22.35,22.425,21.94,22.35,1128845.0,22.257,1552050000000,8912,
40,22.35,22.36,22.05,22.25,4890068.0,22.1884,1552064400000,24729,
41,22.25,22.25,22.25,22.25,311468.0,22.25,1552078800000,24,
42,22.35,22.54,22.225,22.505,2299544.0,22.3939,1552309200000,13225,
43,22.5,22.61,22.46,22.55,2790633.0,22.5469,1552323600000,16190,
44,22.68,22.735,22.52,22.525,1756041.0,22.6497,1552395600000,10864,
45,22.53,22.6,22.45,22.46,2152009.0,22.5009,1552410000000,12152,
46,22.45,22.45,22.095,22.155,2753747.0,22.1942,1552482000000,14487,
47,22.16,22.285,22.12,22.23,2145513.0,22.203,1552496400000,13483,
48,22.23,22.23,22.23,22.23,16254.0,22.23,1552510800000,1,
49,22.33,22.48,22.23,22.45,2090261.0,22.3979,1552568400000,12371,
50,22.44,22.53,22.36,22.42,2379520.0,22.4504,1552582800000,14373,
51,22.4,22.55,22.35,22.495,1574823.0,22.4322,1552654800000,8802,
52,22.5,22.52,22.315,22.34,2104783.0,22.3781,1552669200000,10583,
53,22.5,22.5,22.5,22.5,1000.0,22.5,1552899600000,4,
54,22.33,22.41,22.03,22.12,1352781.0,22.2075,1552914000000,9027,
55,22.115,22.27,22.08,22.21,1969289.0,22.1872,1552928400000,11796,
56,22.09,22.45,22.09,22.365,1498248.0,22.3371,1553000400000,9703,
57,22.365,22.4168,22.195,22.28,2156658.0,22.3063,1553014800000,12158,
58,22.23,22.28,21.81,21.85,840379.0,21.962,1553086800000,6464,
59,21.85,22.17,21.83,21.94,1790910.0,21.9811,1553101200000,11342,
60,21.86,22.1314,21.8304,21.985,1717154.0,21.9884,1553173200000,11097,
61,21.98,22.115,21.87,21.93,2646304.0,21.9662,1553187600000,16058,
62,21.93,21.93,21.93,21.93,7678.0,21.93,1553202000000,1,
63,21.89,21.93,21.03,21.16,2211489.0,21.3648,1553259600000,13919,
64,21.165,21.37,21.12,21.13,2876454.0,21.2363,1553274000000,14318,
65,21.09,21.46,20.79,21.07,2455262.0,21.0206,1553518800000,13999,
66,21.065,21.14,20.95,20.96,2677845.0,21.0299,1553533200000,12116,
67,20.96,21.1,20.825,20.93,2011988.0,20.9608,1553605200000,12909,
68,20.925,20.94,20.61,20.79,3350743.0,20.7536,1553619600000,19620,
69,21.15,21.2,20.88,21.06,2857515.0,21.0517,1553691600000,15937,
70,21.06,21.17,21.01,21.02,2119999.0,21.0846,1553706000000,13825,
71,21.02,21.275,21.02,21.115,1221757.0,21.1676,1553778000000,8248,
72,21.11,21.14,20.895,20.93,3348194.0,21.0033,1553792400000,12475,
73,21.02,21.04,20.81,20.87,1575449.0,20.9274,1553864400000,9572,
74,20.87,21.04,20.85,21.0,2187250.0,20.973,1553878800000,13619,
75,21.21,21.62,21.06,21.15,1683089.0,21.2352,1554123600000,10079,
76,21.145,21.18,21.07,21.17,1229383.0,21.1317,1554138000000,9790,
77,21.23,21.26,20.98,21.06,1165995.0,21.1338,1554210000000,8287,
78,21.06,21.13,20.97,21.0,1379086.0,21.0419,1554224400000,8250,
79,21.07,21.36,20.99,21.06,3233965.0,21.1981,1554296400000,16692,
80,21.06,21.23,20.9,21.23,2500508.0,21.0085,1554310800000,13113,
81,21.12,21.54,21.01,21.18,2022396.0,21.3523,1554382800000,12689,
82,21.18,21.25,21.13,21.24,889606.0,21.208,1554397200000,7306,
83,21.36,21.645,21.29,21.615,1560447.0,21.5528,1554469200000,11508,
84,21.61,21.66,21.51,21.53,1770239.0,21.5824,1554483600000,11307,
85,21.49,21.51,21.28,21.44,887518.0,21.3968,1554728400000,6573,
86,21.43,21.585,21.395,21.52,1214761.0,21.5067,1554742800000,7503,
87,21.5,21.68,21.34,21.655,1444467.0,21.5601,1554814800000,10190,
88,21.65,21.7,21.52,21.56,1525530.0,21.5889,1554829200000,10878,
89,21.55,21.775,21.49,21.6,1022897.0,21.6042,1554901200000,8100,
90,21.61,21.685,21.565,21.61,1176672.0,21.6182,1554915600000,9389,
91,21.61,21.61,21.61,21.61,417.0,21.61,1554973200000,1,
92,21.8,22.07,21.7,21.89,1568656.0,21.9286,1554987600000,10451,
93,21.885,21.975,21.83,21.87,1453671.0,21.8895,1555002000000,9891,
94,21.96,21.99,21.705,21.835,1087302.0,21.839,1555074000000,9201,
95,21.835,21.845,21.73,21.79,1754123.0,21.7879,1555088400000,10273,
96,21.84,21.84,21.485,21.72,1052293.0,21.688,1555333200000,8551,
97,21.715,21.96,21.69,21.94,1926515.0,21.8732,1555347600000,11586,
98,22.16,22.7,22.16,22.26,3787014.0,22.4095,1555419600000,18974,
99,22.255,22.345,22.17,22.3,1650609.0,22.2735,1555434000000,10776,
100,22.3,22.55,22.21,22.405,2000729.0,22.4252,1555506000000,12580,
101,22.41,22.52,22.4,22.51,1403817.0,22.4709,1555520400000,9924,
102,22.6,22.96,22.59,22.83,1767002.0,22.7634,1555592400000,12536,
103,22.83,22.875,22.57,22.65,1909248.0,22.7127,1555606800000,12265,
104,22.53,22.575,22.4,22.465,783344.0,22.4894,1555938000000,6166,
105,22.46,22.53,22.345,22.46,1389630.0,22.4533,1555952400000,9419,
106,23.0,23.0,22.5,22.76,3100.0,22.7503,1556010000000,7,
107,22.62,22.655,22.41,22.52,1330354.0,22.5587,1556024400000,8888,
108,22.525,22.57,22.42,22.48,1410626.0,22.5,1556038800000,9588,
109,22.46,22.54,22.32,22.485,1061271.0,22.4292,1556110800000,6751,
110,22.48,22.67,22.33,22.54,2219555.0,22.5194,1556125200000,11561,
111,22.54,22.54,22.54,22.54,1792.0,22.54,1556139600000,1,
112,22.46,22.525,22.27,22.365,2167282.0,22.3851,1556197200000,12276,
113,22.37,22.47,22.21,22.28,1743765.0,22.3147,1556211600000,12460,
114,22.65,22.65,22.65,22.65,500.0,22.65,1556269200000,1,
115,23.0,23.66,22.76,23.385,2304331.0,23.2773,1556283600000,13751,
116,23.385,23.585,23.34,23.45,2068441.0,23.4717,1556298000000,14378,
117,23.62,23.9,23.53,23.645,2065319.0,23.7364,1556542800000,13673,
118,23.645,23.655,23.46,23.5,2753186.0,23.5303,1556557200000,18473,
119,23.48,23.48,23.48,23.48,100.0,23.48,1556614800000,1,
120,23.48,23.48,22.84,22.85,2090832.0,23.0196,1556629200000,13530,
121,22.85,23.095,22.85,23.0,2894152.0,22.9986,1556643600000,17567,
122,23.01,23.36,22.97,23.235,1387309.0,23.1986,1556715600000,10143,
123,23.24,23.255,23.05,23.08,1793706.0,23.1553,1556730000000,12547,
124,23.08,23.08,23.08,23.08,71451.0,23.08,1556744400000,1,
125,23.15,23.15,23.15,23.15,100.0,23.15,1556787600000,1,
126,23.16,23.16,22.59,22.69,1167826.0,22.7948,1556802000000,9978,
127,22.69,22.99,22.64,22.87,1765556.0,22.8679,1556816400000,13769,
128,23.1,23.46,23.01,23.4,1245733.0,23.2782,1556888400000,8691,
129,23.4,23.435,23.08,23.09,1619853.0,23.1887,1556902800000,10726,
130,22.78,23.24,22.76,23.2299,622391.0,23.0438,1557147600000,5079,
131,23.23,23.32,23.19,23.29,1189062.0,23.278,1557162000000,8897,
132,23.02,23.14,22.72,22.805,1255576.0,22.8713,1557234000000,9314,
133,22.81,22.84,22.49,22.78,1979172.0,22.6422,1557248400000,15305,
134,22.82,23.21,22.69,23.2,1095056.0,23.0597,1557320400000,9248,
135,23.21,23.32,23.1,23.3,1932186.0,23.2285,1557334800000,13501,
136,23.3,23.3,23.3,23.3,940.0,23.3,1557349200000,1,
137,23.07,23.2,22.86,23.12,1444594.0,22.9989,1557406800000,12642,
138,23.115,23.17,22.92,22.94,2427663.0,23.0116,1557421200000,16779,
139,22.9,22.97,22.6,22.815,1282274.0,22.7822,1557493200000,12821,
140,22.81,23.11,22.79,23.08,1266863.0,22.9634,1557507600000,11993,
141,22.67,22.79,22.33,22.44,848240.0,22.5082,1557752400000,8336,
142,22.44,22.52,22.31,22.35,1268638.0,22.3962,1557766800000,8512,
143,22.43,22.555,22.38,22.49,847490.0,22.4818,1557838800000,6315,
144,22.485,22.565,22.365,22.39,841387.0,22.4583,1557853200000,8290,
145,22.31,22.59,22.18,22.54,744653.0,22.4297,1557925200000,6688,
146,22.54,22.67,22.3423,22.3423,1224558.0,22.5768,1557939600000,8825,
147,22.57,22.76,22.55,22.65,580630.0,22.6559,1558011600000,4621,
148,22.65,22.68,22.43,22.47,872210.0,22.5588,1558026000000,6908,
149,22.26,22.715,22.13,22.68,1099942.0,22.5189,1558098000000,8147,
150,22.685,22.78,22.505,22.53,1095972.0,22.6446,1558112400000,8285,
151,22.37,22.5,22.2,22.255,804012.0,22.2974,1558357200000,6627,
152,22.25,22.3,22.14,22.22,916131.0,22.224,1558371600000,7669,
153,22.39,22.67,22.35,22.665,912381.0,22.5167,1558443600000,7138,
154,22.67,22.69,22.585,22.63,1035944.0,22.6284,1558458000000,6689,
155,22.61,22.67,22.48,22.6241,1141900.0,22.5957,1558530000000,7600,
156,22.62,22.655,22.58,22.635,891990.0,22.6209,1558544400000,5973,
157,22.34,22.36,21.81,22.07,970677.0,22.1192,1558616400000,6994,
158,22.065,22.28,22.05,22.25,1402004.0,22.1966,1558630800000,10132,
159,22.4,22.41,22.135,22.2,557168.0,22.2665,1558702800000,4566,
160,22.2,22.22,22.06,22.1,682223.0,22.1287,1558717200000,5545,
161,22.1,22.26,21.94,22.01,756139.0,22.0569,1559048400000,6454,
162,22.01,22.15,21.97,21.97,1501842.0,22.0466,1559062800000,9381,
163,21.88,21.92,21.67,21.69,791405.0,21.7789,1559134800000,7068,
164,21.695,21.82,21.65,21.7,1028213.0,21.7364,1559149200000,8814,
165,21.71,21.89,21.675,21.795,997935.0,21.7944,1559221200000,7481,
166,21.795,21.8,21.47,21.55,1292304.0,21.5794,1559235600000,9710,
167,21.5,21.5,21.5,21.5,100.0,21.5,1559250000000,1,
168,21.14,21.43,21.05,21.235,1385981.0,21.2636,1559307600000,10778,
169,21.24,21.3,21.19,21.22,1862921.0,21.2452,1559322000000,10170,
170,21.25,21.5,21.15,21.26,746433.0,21.3294,1559566800000,7208,
171,21.265,21.53,21.215,21.47,1779197.0,21.4149,1559581200000,14306,
172,21.47,21.47,21.47,21.47,1996.0,21.47,1559595600000,1,
173,21.74,21.85,21.51,21.635,1600199.0,21.6782,1559653200000,13192,
174,21.63,21.665,21.47,21.64,1229539.0,21.5876,1559667600000,10133,
175,21.77,21.79,21.56,21.73,953315.0,21.6367,1559739600000,7957,
176,21.73,21.83,21.59,21.69,1189692.0,21.6948,1559754000000,9907,
177,21.79,21.875,21.63,21.875,718932.0,21.7485,1559826000000,6163,
178,21.88,21.98,21.83,21.86,1525290.0,21.9113,1559840400000,12952,
179,21.86,21.86,21.86,21.86,1202.0,21.86,1559854800000,1,
180,21.97,22.27,21.95,22.165,916173.0,22.1583,1559912400000,7808,
181,22.165,22.19,21.94,21.95,1271042.0,22.0105,1559926800000,10202,
182,21.99,22.1,21.32,21.335,1937967.0,21.6994,1560171600000,15216,
183,21.335,21.39,21.16,21.32,2225481.0,21.2948,1560186000000,17699,
184,21.47,21.59,21.33,21.46,1094139.0,21.4992,1560258000000,8863,
185,21.46,21.65,21.45,21.62,1373288.0,21.5836,1560272400000,10785,
186,21.79,21.92,21.645,21.92,2699208.0,21.8075,1560344400000,10538,
187,21.92,21.93,21.81,21.87,1382208.0,21.8582,1560358800000,10191,
188,22.0,22.2,21.91,22.17,687353.0,22.0924,1560430800000,5911,
189,22.17,22.27,22.1,22.27,848208.0,22.1859,1560445200000,6962,
190,22.18,22.27,22.05,22.18,875192.0,22.1686,1560517200000,7093,
191,22.185,22.2,22.04,22.07,824694.0,22.1016,1560531600000,6516,
192,22.02,22.1166,21.885,22.035,872526.0,21.9824,1560776400000,6676,
193,22.035,22.12,21.95,21.97,1166770.0,22.0185,1560790800000,7382,
194,22.14,22.48,22.0509,22.305,1138274.0,22.3318,1560862800000,7723,
195,22.3,22.335,22.175,22.22,1492671.0,22.2481,1560877200000,11591,
196,22.22,22.72,22.22,22.42,986440.0,22.5327,1560949200000,5569,
197,22.42,22.54,22.37,22.51,1071467.0,22.4738,1560963600000,8640,
198,22.45,22.45,22.45,22.45,749.0,22.45,1560978000000,1,
199,22.66,22.668,22.12,22.51,966631.0,22.3754,1561035600000,7263,
200,22.515,22.545,22.47,22.48,1313512.0,22.5018,1561050000000,7136,
201,22.48,22.7,22.34,22.7,3803402.0,22.5351,1561122000000,14411,
202,22.695,22.78,22.45,22.45,2207335.0,22.5678,1561136400000,12897,
203,22.46,22.55,22.25,22.38,603997.0,22.4224,1561381200000,5454,
204,22.385,22.61,22.35,22.6,900137.0,22.5113,1561395600000,6495,
205,22.6,22.6,22.6,22.6,7708.0,22.6,1561410000000,1,
206,22.57,22.63,22.39,22.545,1209595.0,22.5219,1561467600000,6673,
207,22.54,22.6,22.34,22.37,1128346.0,22.4273,1561482000000,8034,
208,22.37,22.46,22.14,22.23,1209398.0,22.2578,1561554000000,8870,
209,22.235,22.235,22.12,22.15,1325303.0,22.1714,1561568400000,9088,
210,22.2,22.28,22.05,22.185,663895.0,22.1527,1561640400000,5519,
211,22.19,22.2582,22.03,22.06,1782818.0,22.1082,1561654800000,8542,
212,22.12,22.52,22.12,22.4339,1280522.0,22.3194,1561726800000,6077,
213,22.43,22.645,22.4,22.59,3799136.0,22.5626,1561741200000,18070,
214,22.82,22.95,22.525,22.585,1669345.0,22.6888,1561986000000,12972,
215,22.585,22.615,22.38,22.53,2319117.0,22.4838,1562000400000,16458,
216,22.51,23.205,22.51,23.15,3538812.0,23.0163,1562072400000,18789,
217,23.15,23.21,23.125,23.2,2080792.0,23.1734,1562086800000,12250,
218,23.2,23.2,23.2,23.2,145.0,23.2,1562101200000,1,
219,23.5,23.5,23.5,23.5,500.0,23.5,1562144400000,1,
220,23.2,23.28,22.92,23.16,1565663.0,23.1163,1562158800000,11586,
221,23.16,23.16,23.16,23.16,18300.0,23.16,1562173200000,10,
222,23.12,23.365,23.0,23.25,880444.0,23.1863,1562331600000,6659,
223,23.25,23.38,23.205,23.36,2648669.0,23.2906,1562346000000,8948,
224,23.31,23.5,23.19,23.28,1379219.0,23.3688,1562590800000,10182,
225,23.285,23.32,23.18,23.32,1502731.0,23.257,1562605200000,9734,
226,23.23,23.35,23.17,23.235,897671.0,23.255,1562677200000,6710,
227,23.24,23.24,23.04,23.15,1270553.0,23.1218,1562691600000,10099,
228,23.15,23.15,23.15,23.15,16709.0,23.15,1562706000000,2,
229,23.35,23.475,23.19,23.34,1728680.0,23.3393,1562763600000,12116,
230,23.335,23.41,23.28,23.28,1174202.0,23.3276,1562778000000,9130,
231,23.28,23.28,23.28,23.28,3159.0,23.28,1562792400000,1,
232,23.26,23.335,22.965,23.24,1363977.0,23.1414,1562850000000,9365,
233,23.245,23.28,23.08,23.23,1233766.0,23.1994,1562864400000,9300,
234,23.27,23.64,23.22,23.565,926210.0,23.5227,1562936400000,7189,
235,23.565,23.78,23.565,23.77,1137383.0,23.7138,1562950800000,7359,
236,23.8,23.8,23.77,23.77,600.0,23.79,1563181200000,4,
237,23.58,23.77,23.545,23.6,751838.0,23.681,1563195600000,6150,
238,23.61,23.72,23.57,23.71,870319.0,23.6543,1563210000000,6738,
239,23.7,23.88,23.65,23.71,1022135.0,23.7847,1563282000000,7520,
240,23.72,23.79,23.61,23.69,1602524.0,23.7074,1563296400000,11231,
241,23.62,23.63,22.985,23.17,1376975.0,23.1648,1563368400000,9720,
242,23.175,23.225,23.07,23.09,1107205.0,23.1283,1563382800000,7765,
243,23.0,23.0,23.0,23.0,100.0,23.0,1563440400000,1,
244,23.02,23.03,22.4,22.795,2088514.0,22.7816,1563454800000,14559,
245,22.8,22.89,22.745,22.83,1525609.0,22.8285,1563469200000,11328,
246,22.77,22.77,22.77,22.77,400.0,22.77,1563526800000,1,
247,22.65,22.99,22.65,22.865,1465692.0,22.8168,1563541200000,9030,
248,22.865,22.935,22.78,22.78,1159808.0,22.8279,1563555600000,8233,
249,22.84,23.075,22.8,22.81,1963696.0,22.9239,1563800400000,11835,
250,22.815,22.89,22.78,22.78,1987879.0,22.8313,1563814800000,10929,
251,22.6,22.7,22.6,22.7,4275.0,22.6702,1563872400000,9,
252,22.5,22.54,21.8,22.265,4009332.0,22.2059,1563886800000,19913,
253,22.265,22.49,22.145,22.44,3121643.0,22.3262,1563901200000,17652,
254,22.56,23.0,22.34,22.8,1678179.0,22.7369,1563973200000,11618,
255,22.79,22.87,22.72,22.77,1237290.0,22.7883,1563987600000,11301,
256,22.77,22.77,22.77,22.77,15182.0,22.77,1564002000000,1,
257,22.77,23.1,22.75,22.99,1618870.0,22.9949,1564059600000,11017,
258,22.985,23.06,22.93,23.02,1441365.0,23.0017,1564074000000,10345,
259,23.02,23.02,23.02,23.02,3483.0,23.02,1564131600000,6,
260,23.08,23.11,22.905,23.07,752173.0,23.0169,1564146000000,6767,
261,23.07,23.13,23.04,23.07,1203431.0,23.0818,1564160400000,8377,
262,23.07,23.07,23.07,23.07,372.0,23.07,1564174800000,1,
263,23.13,23.23,22.89,22.995,1559517.0,23.0116,1564405200000,12293,
264,23.0,23.22,22.97,23.15,1461844.0,23.151,1564419600000,10825,
265,22.96,23.11,22.85,22.959,941485.0,22.9674,1564491600000,7413,
266,22.955,23.08,22.9,22.95,950187.0,22.9744,1564506000000,7042,
267,22.93,23.19,22.81,23.18,1111727.0,23.0282,1564578000000,8804,
268,23.18,23.185,22.71,22.92,1879500.0,22.9735,1564592400000,13853,
269,22.92,22.92,22.92,22.92,1418.0,22.92,1564606800000,1,
270,22.87,22.98,22.535,22.645,1116766.0,22.6957,1564664400000,8311,
271,22.64,22.65,22.1,22.25,1802991.0,22.2741,1564678800000,14992,
272,22.05,22.12,21.85,21.855,967723.0,21.9732,1564750800000,7082,
273,21.855,21.905,21.73,21.77,1464041.0,21.8125,1564765200000,11083,
274,21.5,21.5,21.5,21.5,302.0,21.5,1564995600000,2,
275,21.445,21.54,20.985,20.995,1287193.0,21.2701,1565010000000,9940,
276,20.995,21.21,20.92,21.16,2403257.0,21.1223,1565024400000,18172,
277,21.23,21.245,20.84,20.975,1369039.0,21.0414,1565096400000,10328,
278,20.98,21.32,20.97,21.29,1847808.0,21.1772,1565110800000,12484,
279,21.3,21.3,21.3,21.3,200.0,21.3,1565125200000,2,
280,20.97,21.22,20.81,20.88,1840183.0,21.0191,1565182800000,15989,
281,20.88,21.17,20.83,21.07,1858069.0,21.0409,1565197200000,15760,
282,21.27,21.43,21.21,21.39,943486.0,21.3134,1565269200000,7398,
283,21.395,21.47,21.26,21.47,1153277.0,21.3994,1565283600000,8036,
284,21.47,21.47,21.47,21.47,200.0,21.47,1565341200000,1,
285,21.49,21.49,21.05,21.13,1141997.0,21.2624,1565355600000,10138,
286,21.13,21.4,21.125,21.2,1104402.0,21.2784,1565370000000,9532,
287,21.07,21.12,20.895,20.93,995782.0,21.0127,1565614800000,7345,
288,20.92,20.99,20.79,20.935,816272.0,20.9111,1565629200000,7244,
289,20.94,20.94,20.935,20.94,37028.0,20.9397,1565643600000,16,
290,20.97,21.0,20.94,20.94,1400.0,20.9764,1565686800000,11,
291,20.76,21.305,20.7158,21.045,1001563.0,21.0942,1565701200000,8386,
292,21.05,21.07,20.765,20.81,1419009.0,20.8878,1565715600000,10741,
293,20.56,20.56,20.55,20.55,500.0,20.558,1565773200000,5,
294,20.77,20.77,19.93,19.95,1568926.0,20.2562,1565787600000,13373,
295,19.94,20.04,19.85,19.88,1366591.0,19.9259,1565802000000,12878,
296,19.88,19.88,19.88,19.88,687.0,19.88,1565816400000,1,
297,19.78,19.88,19.595,19.775,1311760.0,19.7732,1565874000000,10862,
298,19.775,19.79,19.56,19.57,1465442.0,19.6225,1565888400000,11139,
299,19.57,19.57,19.57,19.57,13320.0,19.57,1565902800000,1,
300,19.56,20.07,19.56,20.01,1748166.0,19.883,1565960400000,9220,
301,20.005,20.16,19.57,20.1,1736926.0,20.0562,1565974800000,9066,
302,20.15,20.15,20.15,20.15,500.0,20.15,1565989200000,1,
303,20.36,20.48,20.27,20.465,914457.0,20.3611,1566219600000,7164,
304,20.47,20.55,20.43,20.5,1465868.0,20.4903,1566234000000,10338,
305,20.53,20.53,20.24,20.405,990518.0,20.3639,1566306000000,7445,
306,20.405,20.45,20.29,20.34,2281728.0,20.3621,1566320400000,12004,
307,20.43,20.57,20.38,20.56,952594.0,20.4865,1566392400000,7783,
308,20.57,20.61,20.5,20.57,1304415.0,20.5639,1566406800000,9067,
309,20.63,20.7,20.36,20.465,946414.0,20.4957,1566478800000,7466,
310,20.465,20.53,20.36,20.37,1178922.0,20.4131,1566493200000,9294,
311,20.26,20.42,19.9149,19.99,1117730.0,20.1602,1566565200000,9764,
312,19.98,20.15,19.82,19.86,1925751.0,19.9817,1566579600000,14280,
313,20.15,20.15,19.79,19.975,814947.0,19.9168,1566824400000,7064,
314,19.97,20.01,19.88,19.97,753327.0,19.944,1566838800000,7132,
315,20.11,20.11,19.73,19.75,586370.0,19.9071,1566910800000,5731,
316,19.75,19.95,19.73,19.9,1201482.0,19.8747,1566925200000,9198,
317,19.9,19.9,19.9,19.9,500.0,19.9,1566982800000,1,
318,19.82,20.115,19.71,19.98,1186988.0,19.9791,1566997200000,6563,
319,19.98,19.98,19.85,19.91,1018728.0,19.9088,1567011600000,8608,
320,19.91,19.91,19.91,19.91,12206.0,19.91,1567026000000,1,
321,20.12,20.2,19.99,20.03,1215448.0,20.0823,1567083600000,8848,
322,20.03,20.18,19.74,19.74,1844907.0,20.0723,1567098000000,11968,
323,19.9,19.9,19.9,19.9,1000.0,19.9,1567155600000,1,
324,19.9,20.11,19.82,19.995,1094137.0,19.9662,1567170000000,8579,
325,19.99,20.02,19.81,19.88,2101721.0,19.9082,1567184400000,11327,
326,19.8,19.88,19.8,19.88,2067.0,19.8413,1567501200000,4,
327,19.72,19.995,19.61,19.855,1233039.0,19.8609,1567515600000,10514,
328,19.85,19.955,19.85,19.93,1149392.0,19.9138,1567530000000,8166,
329,20.14,20.18,19.915,19.995,827604.0,19.9934,1567602000000,7459,
330,19.993,20.21,19.98,20.14,2612113.0,20.0715,1567616400000,11991,
331,20.3,20.59,20.19,20.55,909612.0,20.4092,1567688400000,8135,
332,20.56,20.62,20.44,20.44,1728538.0,20.5072,1567702800000,11579,
333,20.44,20.44,20.44,20.44,393.0,20.44,1567717200000,2,
334,20.51,20.83,20.49,20.805,943619.0,20.6987,1567774800000,11017,
335,20.805,20.87,20.7,20.73,1448589.0,20.7887,1567789200000,12865,
336,20.87,21.21,20.81,21.165,657366.0,21.074,1568034000000,5365,
337,21.16,21.18,20.9,21.07,1647257.0,21.0186,1568048400000,9697,
338,21.07,21.07,21.07,21.07,500.0,21.07,1568106000000,1,
339,21.02,21.77,20.99,21.66,1695626.0,21.5482,1568120400000,14523,
340,21.66,21.68,21.425,21.63,1783997.0,21.5464,1568134800000,14786,
341,21.63,21.835,20.87,20.97,2686280.0,21.3076,1568206800000,18536,
342,20.98,21.28,20.98,21.28,1466504.0,21.1927,1568221200000,12012,
343,21.28,21.28,21.28,21.28,359.0,21.28,1568235600000,1,
344,23.1725,23.1725,20.91,21.145,1426436.0,21.053,1568293200000,11342,
345,21.14,21.24,21.04,21.11,1418601.0,21.1257,1568307600000,10872,
346,21.24,21.41,21.1,21.175,1000104.0,21.21,1568379600000,7825,
347,21.17,21.22,20.96,21.19,1262174.0,21.1316,1568394000000,9683,
348,21.1,21.225,21.02,21.21,712727.0,21.157,1568638800000,6439,
349,21.21,21.41,21.2,21.41,1025339.0,21.3344,1568653200000,7351,
350,21.3,21.34,21.03,21.17,1227261.0,21.1588,1568725200000,9406,
351,21.17,21.3,21.17,21.28,1538595.0,21.2488,1568739600000,9705,
352,21.27,21.37,21.16,21.3,941283.0,21.272,1568811600000,7840,
353,21.3,21.43,21.22,21.43,1410713.0,21.346,1568826000000,11532,
354,21.59,21.59,21.32,21.34,1105239.0,21.381,1568898000000,7881,
355,21.34,21.37,21.25,21.32,1613991.0,21.3254,1568912400000,11417,
356,21.37,21.42,21.075,21.405,1669248.0,21.3189,1568984400000,9514,
357,21.4028,21.41,21.0,21.0,1332490.0,21.1934,1568998800000,9826,
358,21.12,21.205,21.01,21.18,615856.0,21.0995,1569243600000,5301,
359,21.18,21.25,21.15,21.22,888241.0,21.2017,1569258000000,6766,
360,21.22,21.22,21.22,21.22,108.0,21.22,1569272400000,1,
361,21.23,21.49,21.15,21.215,1842562.0,21.2937,1569330000000,12913,
362,21.215,21.36,21.15,21.3,2374797.0,21.2577,1569344400000,16428,
363,21.3,21.34,20.84,21.09,1279795.0,21.0854,1569416400000,10069,
364,21.085,21.17,21.0,21.0,1267410.0,21.0774,1569430800000,9955,
365,21.0,21.0,21.0,21.0,485.0,21.0,1569445200000,1,
366,20.98,21.07,20.855,20.94,736792.0,20.9394,1569502800000,6499,
367,20.9425,21.055,20.825,20.92,1291496.0,20.946,1569517200000,8919,
368,20.99,21.29,20.96,21.045,956198.0,21.1421,1569589200000,7342,
369,21.04,21.41,21.01,21.41,2334815.0,21.2509,1569603600000,13653,
370,21.49,21.725,21.43,21.65,1254556.0,21.6255,1569848400000,10305,
371,21.66,21.69,21.535,21.56,1451407.0,21.6132,1569862800000,10237,
372,21.7,21.84,21.45,21.45,1393079.0,21.6451,1569934800000,10902,
373,21.45,21.52,21.28,21.29,936708.0,21.3743,1569949200000,8291,
374,21.13,21.14,20.61,20.65,953706.0,20.858,1570021200000,8456,
375,20.64,20.78,20.52,20.52,1845979.0,20.6183,1570035600000,13250,
376,20.54,20.55,20.14,20.465,674281.0,20.3873,1570107600000,6016,
377,20.475,20.5,20.36,20.5,957485.0,20.4509,1570122000000,7400,
378,20.58,20.815,20.53,20.765,486333.0,20.6693,1570194000000,5483,
379,20.76,20.85,20.6,20.85,1400662.0,20.7849,1570208400000,9912,
380,20.65,21.125,20.64,21.04,2300980.0,20.9946,1570453200000,14037,
381,21.045,21.21,21.0,21.11,3717037.0,21.094,1570467600000,23291,
382,20.89,20.91,20.465,20.47,4836012.0,20.7211,1570539600000,22789,
383,20.47,20.54,20.25,20.27,2624167.0,20.3982,1570554000000,19188,
384,20.27,20.34,19.87,20.12,2698312.0,20.0647,1570626000000,15022,
385,20.12,20.21,20.075,20.1,1496937.0,20.1325,1570640400000,12942,
386,20.1,20.1,20.1,20.1,2080.0,20.1,1570654800000,1,
387,20.15,20.15,20.15,20.15,150.0,20.15,1570698000000,1,
388,20.1,20.52,19.72,19.87,3625476.0,20.0296,1570712400000,21964,
389,19.865,19.94,19.71,19.83,2126351.0,19.8344,1570726800000,14811,
390,20.03,20.42,19.97,20.195,1636177.0,20.209,1570798800000,12747,
391,20.197,20.3,20.01,20.08,1823676.0,20.1587,1570813200000,12864,
392,20.0,20.32,19.92,20.31,2046780.0,20.0985,1571058000000,14676,
393,20.31,20.555,20.305,20.34,2193896.0,20.4168,1571072400000,16610,
394,20.27,20.27,20.27,20.27,1000.0,20.27,1571130000000,2,
395,20.32,20.69,20.22,20.64,969680.0,20.5053,1571144400000,7561,
396,20.64,20.7,20.58,20.68,997309.0,20.646,1571158800000,8457,
397,20.61,20.84,20.51,20.775,1642893.0,20.7009,1571230800000,12604,
398,20.775,20.86,20.705,20.8,1928192.0,20.7894,1571245200000,14267,
399,20.88,20.95,20.58,20.66,1173453.0,20.7207,1571317200000,8677,
400,20.66,20.89,20.655,20.77,1436908.0,20.7746,1571331600000,11614,
401,20.55,20.55,20.55,20.55,314.0,20.55,1571346000000,1,
402,20.69,20.73,20.57,20.615,1180113.0,20.6648,1571403600000,8718,
403,20.615,20.705,20.605,20.67,659082.0,20.6626,1571418000000,6232,
404,20.78,20.85,20.565,20.69,881425.0,20.6775,1571662800000,7529,
405,20.69,20.81,20.59,20.8,1526260.0,20.7393,1571677200000,10071,
406,20.8,20.8,20.538,20.7,3007.0,20.7001,1571734800000,15,
407,20.71,21.62,20.5,21.45,1934989.0,21.2026,1571749200000,10417,
408,21.45,21.555,21.31,21.5,2139362.0,21.4615,1571763600000,13170,
409,21.5,21.5,21.5,21.5,1806.0,21.5,1571778000000,2,
410,21.5,21.58,21.27,21.53,1382051.0,21.4754,1571835600000,9848,
411,21.52,21.56,21.32,21.4,1344956.0,21.4026,1571850000000,9962,
412,21.47,21.505,21.03,21.09,799338.0,21.2139,1571922000000,6290,
413,21.09,21.49,21.06,21.48,1230176.0,21.3479,1571936400000,9990,
414,21.61,21.62,21.61,21.62,1300.0,21.6138,1571994000000,3,
415,21.73,22.005,21.64,21.86,1073276.0,21.8386,1572008400000,7783,
416,21.87,21.89,21.77,21.85,1107625.0,21.843,1572022800000,7721,
417,21.85,21.85,21.85,21.85,399.0,21.85,1572253200000,3,
418,21.9,22.13,21.85,22.0,549474.0,21.9927,1572267600000,4921,
419,22.0,22.47,21.995,22.17,1771623.0,22.1714,1572282000000,12298,
420,22.1,22.31,21.98,22.065,1079980.0,22.1361,1572354000000,8172,
421,22.07,22.22,22.03,22.04,1156144.0,22.0774,1572368400000,9373,
422,22.08,22.08,22.08,22.08,100.0,22.08,1572426000000,1,
423,22.13,22.13,21.865,21.98,656749.0,21.9668,1572440400000,5809,
424,21.98,22.12,21.95,22.1,829464.0,22.0499,1572454800000,7726,
425,21.99,22.0,21.53,21.715,909588.0,21.7094,1572526800000,6145,
426,21.71,21.82,21.67,21.75,1169566.0,21.7318,1572541200000,8055,
427,21.86,22.08,21.76,21.94,904509.0,21.9583,1572613200000,7685,
428,21.945,21.95,21.855,21.95,1094625.0,21.9113,1572627600000,8120,
429,21.99,22.06,21.83,21.9,790383.0,21.9266,1572872400000,4824,
430,21.905,22.1,21.885,22.05,1377232.0,22.0094,1572886800000,10439,
431,22.04,22.04,22.04,22.04,26834.0,22.04,1572901200000,17,
432,22.16,22.525,22.105,22.37,968524.0,22.3719,1572958800000,7585,
433,22.375,22.43,22.21,22.4,1001542.0,22.3519,1572973200000,7874,
434,22.4,22.4,22.4,22.4,40315.0,22.4,1572987600000,18,
435,22.4,22.47,22.21,22.25,757639.0,22.3486,1573045200000,6474,
436,22.25,22.37,22.17,22.36,3344586.0,22.2842,1573059600000,13870,
437,22.36,22.36,22.36,22.36,74333.0,22.36,1573074000000,42,
438,22.51,22.8,22.46,22.75,1206967.0,22.651,1573131600000,7720,
439,22.75,22.865,22.6,22.68,2517511.0,22.7596,1573146000000,15234,
440,22.67,22.67,22.67,22.67,23237.0,22.67,1573160400000,25,
441,22.67,22.77,22.48,22.735,510988.0,22.6415,1573218000000,4708,
442,22.74,22.97,22.66,22.97,1229827.0,22.8399,1573232400000,10791,
443,22.97,22.97,22.97,22.97,18146.0,22.97,1573246800000,22,
444,22.76,22.82,22.62,22.69,500426.0,22.7112,1573477200000,4684,
445,22.69,22.71,22.35,22.51,1523517.0,22.5072,1573491600000,11847,
446,22.51,22.51,22.51,22.51,42946.0,22.51,1573506000000,26,
447,22.43,22.65,22.32,22.555,509026.0,22.5656,1573563600000,5315,
448,22.555,22.59,22.38,22.45,1040222.0,22.4688,1573578000000,9089,
449,22.45,22.45,22.45,22.45,14303.0,22.45,1573592400000,17,
450,22.33,22.4,22.16,22.22,472088.0,22.2325,1573650000000,3649,
451,22.22,22.3356,22.12,22.13,1326873.0,22.2243,1573664400000,9026,
452,22.14,22.14,22.14,22.14,123477.0,22.14,1573678800000,38,
453,22.07,22.3356,22.07,22.11,417012.0,22.2206,1573736400000,3845,
454,22.11,22.24,22.1,22.23,1061112.0,22.1839,1573750800000,10365,
455,22.23,22.23,22.23,22.23,117269.0,22.23,1573765200000,31,
456,22.29,22.29,22.0,22.245,606320.0,22.1792,1573822800000,4539,
457,22.25,22.35,22.24,22.32,741346.0,22.2976,1573837200000,6416,
458,22.33,22.33,22.33,22.33,18394.0,22.33,1573851600000,24,
459,22.29,22.35,22.055,22.325,560460.0,22.2427,1574082000000,5420,
460,22.33,22.39,22.25,22.36,832044.0,22.3335,1574096400000,8334,
461,22.36,22.36,22.36,22.36,59762.0,22.36,1574110800000,27,
462,22.44,22.47,22.245,22.445,435201.0,22.3567,1574168400000,3913,
463,22.45,22.46,22.33,22.42,616057.0,22.3998,1574182800000,6374,
464,22.41,22.41,22.41,22.41,58291.0,22.41,1574197200000,21,
465,22.27,22.36,22.05,22.23,615994.0,22.1839,1574254800000,5386,
466,22.235,22.25,22.03,22.12,973778.0,22.116,1574269200000,9670,
467,22.13,22.13,22.13,22.13,122956.0,22.1298,1574283600000,33,
468,22.16,22.21,21.91,22.205,763303.0,22.0825,1574341200000,6310,
469,22.2,22.3,22.15,22.245,1200992.0,22.2444,1574355600000,9953,
470,22.25,22.25,22.25,22.25,54038.0,22.25,1574370000000,19,
471,22.25,22.42,22.12,22.21,1073940.0,22.2238,1574427600000,5694,
472,22.22,22.24,22.02,22.09,1686825.0,22.118,1574442000000,11941,
473,22.09,22.09,22.09,22.09,26707.0,22.09,1574456400000,18,
474,22.16,22.29,22.06,22.17,684022.0,22.1891,1574686800000,5299,
475,22.175,22.28,22.135,22.27,2232980.0,22.2135,1574701200000,11520,
476,22.27,22.27,22.27,22.27,73429.0,22.2699,1574715600000,19,
477,22.31,22.36,22.18,22.27,776488.0,22.3014,1574773200000,6180,
478,22.28,22.36,22.24,22.31,1409528.0,22.291,1574787600000,10371,
479,22.31,22.31,22.3094,22.3094,284155.0,22.3103,1574802000000,42,
480,22.31,22.53,22.31,22.52,713338.0,22.3854,1574859600000,4282,
481,22.5251,22.64,22.5,22.51,849451.0,22.5507,1574874000000,6955,
482,22.52,22.65,22.52,22.64,34341.0,22.5594,1574888400000,46,
483,22.56,22.56,22.56,22.56,125.0,22.56,1575018000000,1,
484,22.51,22.575,22.29,22.515,634887.0,22.4725,1575032400000,5257,
485,22.52,22.525,22.34,22.4,1035986.0,22.4061,1575046800000,4005,
486,22.4,22.475,22.3,22.43,953236.0,22.3909,1575291600000,6576,
487,22.435,22.44,22.17,22.195,1412206.0,22.2781,1575306000000,10286,
488,22.2,22.2,22.2,22.2,34452.0,22.2,1575320400000,24,
489,21.95,22.2,21.72,22.15,1174923.0,21.9867,1575378000000,7730,
490,22.16,22.3,22.1,22.29,1809523.0,22.2211,1575392400000,12310,
491,22.28,22.28,22.28,22.28,108324.0,22.28,1575406800000,20,
492,22.28,22.55,22.17,22.42,878486.0,22.4534,1575464400000,6817,
493,22.4223,22.43,22.12,22.12,1637050.0,22.2476,1575478800000,11823,
494,22.12,22.28,22.12,22.28,45417.0,22.1276,1575493200000,24,
495,22.12,22.305,22.105,22.115,577606.0,22.1763,1575550800000,4929,
496,22.12,22.3,22.06,22.29,1542102.0,22.2152,1575565200000,12435,
497,22.28,22.28,22.28,22.28,179791.0,22.28,1575579600000,23,
498,22.49,22.5,22.275,22.39,811178.0,22.3776,1575637200000,6745,
499,22.39,22.525,22.36,22.485,1472393.0,22.4738,1575651600000,11164,
500,22.49,22.49,22.49,22.49,456820.0,22.49,1575666000000,32,
501,22.45,22.57,22.39,22.435,489112.0,22.4588,1575896400000,3925,
502,22.44,22.45,22.37,22.4,848277.0,22.4104,1575910800000,6518,
503,22.39,22.39,22.39,22.39,86673.0,22.39,1575925200000,26,
504,22.37,22.66,22.275,22.555,561324.0,22.5244,1575982800000,5575,
505,22.55,22.57,22.3,22.37,1308744.0,22.4053,1575997200000,9411,
506,22.39,22.39,22.39,22.39,168735.0,22.39,1576011600000,26,
507,22.48,22.705,22.44,22.605,505705.0,22.6099,1576069200000,4355,
508,22.61,22.82,22.54,22.68,1393467.0,22.6835,1576083600000,11022,
509,22.69,22.69,22.69,22.69,46335.0,22.69,1576098000000,19,
510,22.83,23.03,22.68,22.9,735813.0,22.9072,1576155600000,6021,
511,22.9,23.07,22.855,23.06,1075238.0,22.989,1576170000000,9218,
512,23.06,23.06,23.06,23.06,269625.0,23.06,1576184400000,14,
513,23.12,23.205,22.96,23.03,1155841.0,23.0525,1576242000000,8224,
514,23.025,23.18,23.0,23.03,1227951.0,23.0671,1576256400000,12112,
515,23.03,23.03,23.03,23.03,205355.0,23.03,1576270800000,33,
516,23.14,23.17,22.91,22.94,1170789.0,23.006,1576501200000,6502,
517,22.935,22.9663,22.825,22.89,1503406.0,22.8803,1576515600000,11305,
518,22.89,22.89,22.89,22.89,21433.0,22.89,1576530000000,22,
519,22.82,22.905,22.61,22.615,1386154.0,22.7362,1576587600000,7806,
520,22.615,22.66,22.52,22.54,2302011.0,22.5839,1576602000000,13889,
521,22.55,22.55,22.55,22.55,132766.0,22.55,1576616400000,32,
522,22.55,22.65,22.39,22.425,1860686.0,22.5163,1576674000000,7835,
523,22.425,22.555,22.29,22.49,1947201.0,22.4441,1576688400000,12725,
524,22.5,22.5,22.5,22.5,146997.0,22.5,1576702800000,29,
525,22.53,22.75,22.45,22.74,900769.0,22.5677,1576760400000,6480,
526,22.74,22.84,22.695,22.79,1381157.0,22.7653,1576774800000,10513,
527,22.79,22.79,22.79,22.79,159228.0,22.79,1576789200000,28,
528,22.98,23.29,22.84,23.275,1880869.0,23.1972,1576846800000,8157,
529,23.27,23.325,23.02,23.03,2010993.0,23.1347,1576861200000,13270,
530,23.04,23.15,23.04,23.15,630571.0,23.0401,1576875600000,91,
531,23.04,23.125,22.98,23.025,483150.0,23.0499,1577106000000,3619,
532,23.03,23.06,22.92,23.025,668341.0,23.0121,1577120400000,5812,
533,23.03,23.03,23.03,23.03,22802.0,23.03,1577134800000,12,
534,23.1,23.11,22.9537,22.973,420830.0,23.034,1577192400000,3609,
535,22.975,23.025,22.975,23.02,261980.0,23.0044,1577206800000,1615,
536,23.02,23.065,22.945,22.99,258892.0,22.9899,1577365200000,2206,
537,23.0,23.15,22.97,23.14,584187.0,23.0708,1577379600000,5325,
538,23.14,23.14,23.14,23.14,20779.0,23.14,1577394000000,14,
539,23.17,23.28,23.055,23.08,381496.0,23.1312,1577451600000,3199,
540,23.09,23.15,23.04,23.07,549478.0,23.0959,1577466000000,5033,
541,23.06,23.06,22.9999,22.9999,36233.0,23.0564,1577480400000,19,
542,23.14,23.17,22.99,23.045,327912.0,23.0704,1577710800000,3131,
543,23.05,23.14,23.005,23.08,991356.0,23.0757,1577725200000,8439,
544,23.08,23.08,23.08,23.08,38454.0,23.0798,1577739600000,22,
545,23.05,23.1,22.98,23.025,465693.0,23.0299,1577797200000,3805,
546,23.025,23.1,22.99,23.09,1065668.0,23.0598,1577811600000,7779,
547,23.1,23.1,23.1,23.1,71061.0,23.1003,1577826000000,22,
548,23.3,23.36,22.53,22.54,1218688.0,22.8811,1577970000000,7678,
549,22.54,22.71,22.385,22.71,2123410.0,22.5446,1577984400000,14615,
550,22.71,22.71,22.71,22.71,116508.0,22.7098,1577998800000,30,
551,22.69,22.69,22.26,22.675,706482.0,22.5569,1578056400000,6266,
552,22.675,22.78,22.62,22.72,1092273.0,22.7182,1578070800000,10547,
553,22.73,22.73,22.705,22.705,32984.0,22.7274,1578085200000,28,
554,22.58,22.745,22.52,22.7082,676241.0,22.6472,1578315600000,4561,
555,22.7,22.95,22.69,22.92,1731794.0,22.8146,1578330000000,9364,
556,22.93,22.93,22.93,22.93,74615.0,22.93,1578344400000,28,
557,22.99,22.99,22.78,22.84,661717.0,22.9039,1578402000000,5223,
558,22.845,23.02,22.76,22.98,1696482.0,22.9296,1578416400000,12697,
559,22.98,22.98,22.94,22.94,114218.0,22.9798,1578430800000,18,
560,23.02,23.06,22.82,23.01,737454.0,22.925,1578488400000,5739,
561,23.01,23.16,22.85,23.04,2848266.0,23.0332,1578502800000,17902,
562,23.04,23.04,23.04,23.04,82594.0,23.04,1578517200000,15,
563,23.16,23.16,22.86,22.99,654240.0,22.9684,1578574800000,5586,
564,22.985,23.16,22.965,23.15,1582908.0,23.0775,1578589200000,11332,
565,23.16,23.16,23.15,23.15,473639.0,23.16,1578603600000,22,
566,23.14,23.34,23.1,23.135,729817.0,23.2158,1578661200000,5042,
567,23.135,23.25,23.11,23.11,1625088.0,23.1656,1578675600000,10674,
568,23.12,23.12,23.12,23.12,59442.0,23.12,1578690000000,26,
569,23.14,23.39,23.05,23.355,525136.0,23.2497,1578920400000,4409,
570,23.36,23.4,23.28,23.37,1111468.0,23.3502,1578934800000,9026,
571,23.36,23.36,23.36,23.36,368357.0,23.36,1578949200000,27,
572,23.4,23.66,23.255,23.56,675540.0,23.5176,1579006800000,5034,
573,23.56,23.675,23.495,23.6333,1605073.0,23.6021,1579021200000,11829,
574,23.63,23.63,23.63,23.63,88786.0,23.63,1579035600000,25,
575,23.61,23.94,23.51,23.895,433838.0,23.7829,1579093200000,4002,
576,23.89,23.91,23.71,23.8,797256.0,23.8093,1579107600000,7786,
577,23.8,23.8,23.8,23.8,28839.0,23.8,1579122000000,18,
578,23.87,24.04,23.815,23.86,529788.0,23.8956,1579179600000,4167,
579,23.8544,23.93,23.7,23.75,1494144.0,23.7791,1579194000000,11363,
580,23.74,23.74,23.74,23.74,208956.0,23.74,1579208400000,12,
581,23.82,23.995,23.77,23.945,549591.0,23.872,1579266000000,3851,
582,23.94,24.15,23.93,24.14,1299600.0,24.066,1579280400000,8791,
583,24.15,24.15,24.13,24.15,157411.0,24.149,1579294800000,34,
584,24.04,24.06,23.81,24.03,768449.0,23.9465,1579611600000,5080,
585,24.03,24.1,23.95,24.06,1446056.0,24.0333,1579626000000,9446,
586,24.05,24.05,24.05,24.05,160301.0,24.05,1579640400000,32,
587,24.13,24.13,23.805,23.94,513558.0,23.9418,1579698000000,4057,
588,23.95,23.9571,23.66,23.69,1775747.0,23.775,1579712400000,9803,
589,23.7,23.7,23.7,23.7,58453.0,23.7,1579726800000,22,
590,23.57,23.67,23.29,23.34,406119.0,23.4067,1579784400000,3659,
591,23.34,23.61,23.335,23.54,1256713.0,23.5267,1579798800000,10313,
592,23.54,23.54,23.54,23.54,68050.0,23.54,1579813200000,18,
593,23.89,23.89,23.26,23.28,1110709.0,23.4073,1579870800000,5111,
594,23.275,23.42,23.175,23.4,947331.0,23.3244,1579885200000,8123,
595,23.41,23.62,23.41,23.62,30509.0,23.4114,1579899600000,28,
596,23.09,23.24,23.025,23.13,671204.0,23.1088,1580130000000,5084,
597,23.12,23.23,23.05,23.16,1484086.0,23.1427,1580144400000,9027,
598,23.16,23.16,23.16,23.16,59451.0,23.1601,1580158800000,33,
599,23.27,23.41,23.11,23.205,569165.0,23.2226,1580216400000,4225,
600,23.21,23.36,23.18,23.24,836441.0,23.2817,1580230800000,7224,
601,23.23,23.23,23.23,23.23,316646.0,23.23,1580245200000,24,
602,23.25,23.33,23.15,23.25,244043.0,23.2365,1580302800000,2730,
603,23.25,23.26,23.01,23.03,1426454.0,23.1351,1580317200000,8209,
604,23.02,23.02,23.02,23.02,49861.0,23.0196,1580331600000,32,
605,22.94,22.94,22.94,22.94,100.0,22.94,1580374800000,1,
606,22.85,22.9,22.66,22.82,1012180.0,22.7643,1580389200000,5896,
607,22.825,23.25,22.81,23.2,2263704.0,23.0395,1580403600000,13205,
608,23.2,23.2,23.2,23.2,136554.0,23.2,1580418000000,20,
609,23.2,23.26,22.61,22.785,964644.0,22.8456,1580475600000,7381,
610,22.79,22.81,22.64,22.69,1765775.0,22.7192,1580490000000,14100,
611,22.7,22.7,22.7,22.7,706296.0,22.7,1580504400000,35,
612,22.83,23.05,22.73,22.79,1373321.0,22.9249,1580734800000,6764,
613,22.78,22.84,22.715,22.78,1296844.0,22.7809,1580749200000,11809,
614,22.78,22.815,22.78,22.815,231674.0,22.7811,1580763600000,47,
615,23.0,23.0,23.0,23.0,582.0,23.0,1580806800000,2,
616,23.05,23.05,22.8,22.965,1637350.0,22.9329,1580821200000,7772,
617,22.965,22.99,22.82,22.87,1737810.0,22.882,1580835600000,13517,
618,22.87,22.945,22.87,22.9,184433.0,22.8851,1580850000000,26,
619,23.04,23.76,23.0,23.55,1540058.0,23.4792,1580907600000,7672,
620,23.55,23.68,23.45,23.52,2280697.0,23.5457,1580922000000,15393,
621,23.52,23.52,23.52,23.52,40686.0,23.52,1580936400000,21,
622,23.66,23.76,23.295,23.305,732846.0,23.4434,1580994000000,5789,
623,23.3,23.39,23.21,23.21,1016900.0,23.2772,1581008400000,9330,
624,23.21,23.21,23.21,23.21,126562.0,23.21,1581022800000,27,
625,23.06,23.15,22.79,22.842,811177.0,22.9598,1581080400000,6159,
626,22.8441,23.05,22.77,23.03,1708287.0,22.9457,1581094800000,12521,
627,23.02,23.02,23.02,23.02,82276.0,23.02,1581109200000,34,
628,22.98,23.14,22.93,23.02,1174220.0,23.048,1581339600000,6758,
629,23.02,23.17,22.945,23.17,1578082.0,23.069,1581354000000,10269,
630,23.16,23.16,23.16,23.16,24554.0,23.16,1581368400000,22,
631,23.34,23.45,22.8,23.14,1265842.0,23.1769,1581426000000,9387,
632,23.14,23.255,23.03,23.22,2382610.0,23.1659,1581440400000,16076,
633,23.25,23.25,23.25,23.25,25895.0,23.25,1581454800000,18,
634,23.75,24.6,23.75,24.46,4568573.0,24.3169,1581512400000,23158,
635,24.465,25.1492,24.425,24.98,3799960.0,24.8415,1581526800000,25290,
636,24.98,25.26,24.98,24.98,35251.0,24.9808,1581541200000,33,
637,25.0,25.06,24.81,24.97,1340108.0,24.9312,1581598800000,10108,
638,24.975,25.095,24.865,25.07,2329716.0,25.007,1581613200000,16928,
639,25.06,25.08,25.06,25.08,66235.0,25.06,1581627600000,25,
640,25.1,25.2,24.67,24.7149,904124.0,24.8122,1581685200000,6880,
641,24.71,24.73,24.405,24.47,1268776.0,24.5052,1581699600000,11195,
642,24.47,24.47,24.47,24.47,56292.0,24.47,1581714000000,32,
643,25.0,25.0,24.69,24.69,5300.0,24.9825,1582016400000,11,
644,24.4,24.685,24.34,24.635,1169972.0,24.5583,1582030800000,7813,
645,24.64,24.94,24.635,24.86,2247209.0,24.8131,1582045200000,15076,
646,24.86,25.0,24.635,25.0,49335.0,24.8463,1582059600000,39,
647,24.86,25.035,24.77,24.925,855160.0,24.9099,1582117200000,5833,
648,24.925,25.13,24.9,24.99,1097307.0,25.0346,1582131600000,9662,
649,24.99,24.99,24.98,24.98,166684.0,24.9898,1582146000000,46,
650,24.91,24.99,24.65,24.83,632077.0,24.848,1582203600000,5860,
651,24.82,25.0,24.78,24.94,1068703.0,24.9305,1582218000000,9633,
652,24.93,24.93,24.93,24.93,93680.0,24.93,1582232400000,18,
653,24.79,24.79,24.24,24.48,1757938.0,24.4474,1582290000000,11034,
654,24.48,24.49,24.17,24.42,1674523.0,24.3589,1582304400000,13395,
655,24.41,24.41,24.41,24.41,356131.0,24.41,1582318800000,43,
656,23.5,24.0001,22.7201,23.82,1066726.0,23.9043,1582549200000,8594,
657,23.82,24.17,23.765,23.96,1704015.0,23.9951,1582563600000,15874,
658,23.96,24.0,23.96,24.0,70590.0,23.9655,1582578000000,29,
659,24.02,24.14,23.6,23.65,1116430.0,23.8271,1582635600000,8847,
660,23.65,23.655,22.875,23.16,3246750.0,23.145,1582650000000,22144,
661,23.15,23.15,23.15,23.15,36954.0,23.15,1582664400000,28,
662,23.26,23.8,23.19,23.575,1685812.0,23.5752,1582722000000,9899,
663,23.57,23.6,22.98,22.99,2470046.0,23.1934,1582736400000,20753,
664,22.99,22.99,22.72,22.72,130367.0,22.988,1582750800000,52,
665,22.7,22.7,22.5,22.5,1550.0,22.5671,1582794000000,11,
666,22.1,22.57,21.79,22.52,2446889.0,22.1242,1582808400000,17843,
667,22.515,22.73,21.8,21.8,3319694.0,22.2771,1582822800000,26012,
668,21.8,21.8,21.8,21.8,67553.0,21.8,1582837200000,39,
669,21.545,21.545,20.55,21.115,2625296.0,20.9065,1582894800000,21622,
670,21.11,21.48,20.88,21.36,3301355.0,21.2137,1582909200000,32034,
671,21.36,21.36,21.2,21.2,136003.0,21.3585,1582923600000,70,
672,30.0,30.0,20.515,21.445,3183156.0,20.9114,1583154000000,25359,
673,21.45,21.8,21.045,21.79,3294865.0,21.4314,1583168400000,27912,
674,21.79,21.79,21.79,21.79,67642.0,21.79,1583182800000,43,
675,21.59,22.03,21.13,21.67,2489108.0,21.5685,1583240400000,22115,
676,21.68,21.78,20.91,21.2,2947729.0,21.3237,1583254800000,29559,
677,21.21,21.21,21.21,21.21,90118.0,21.21,1583269200000,34,
678,21.55,21.82,21.03,21.03,1808764.0,21.3854,1583326800000,14219,
679,21.035,21.57,21.03,21.56,2811153.0,21.2897,1583341200000,23709,
680,21.56,21.56,21.56,21.56,57260.0,21.56,1583355600000,39,
681,20.98,21.1,20.38,20.765,2121908.0,20.729,1583413200000,16826,
682,20.77,20.785,20.45,20.7,4461696.0,20.6142,1583427600000,33378,
683,20.71,21.0,20.71,21.0,62774.0,20.7107,1583442000000,43,
684,20.06,20.54,19.84,20.03,2073398.0,20.144,1583499600000,14685,
685,20.04,20.14,19.57,20.03,2876691.0,19.8796,1583514000000,27788,
686,20.04,20.04,20.04,20.04,87013.0,20.04,1583528400000,36,
687,18.4,18.9,18.325,18.355,2573363.0,18.6121,1583758800000,20786,
688,18.35,18.525,18.035,18.23,2009319.0,18.3103,1583773200000,17855,
689,18.23,18.23,18.23,18.23,13102.0,18.23,1583787600000,2,
690,18.8,18.8,17.4301,17.795,2513091.0,17.9708,1583845200000,16583,
691,17.795,18.86,17.66,18.84,5945484.0,18.1816,1583859600000,31920,
692,18.21,18.22,18.2,18.2,2500.0,18.2072,1583917200000,9,
693,18.21,18.355,17.66,18.0,3765532.0,17.9342,1583931600000,31943,
694,18.005,18.11,17.715,18.01,4403927.0,17.9703,1583946000000,35784,
695,16.0,16.94,16.0,16.0,1106.0,16.3439,1584003600000,13,
696,17.0,17.0,15.63,16.11,2380926.0,16.0929,1584018000000,18456,
697,16.1,16.51,15.01,15.26,3156428.0,15.5871,1584032400000,22645,
698,15.26,15.26,15.26,15.26,321.0,15.26,1584046800000,1,
699,16.24,16.29,15.185,15.79,2778262.0,15.6542,1584104400000,20474,
700,15.785,17.13,15.75,17.11,4096246.0,16.3171,1584118800000,24892,
701,17.11,17.11,17.11,17.11,132700.0,17.11,1584133200000,1,
702,15.12,15.12,15.12,15.12,100.0,15.12,1584349200000,1,
703,14.85,16.37,14.67,15.585,3104753.0,15.7023,1584363600000,23274,
704,15.58,15.685,15.11,15.17,3079454.0,15.4267,1584378000000,26360,
705,15.79,15.79,15.79,15.79,240.0,15.79,1584421200000,3,
706,15.75,15.75,15.75,15.75,100.0,15.75,1584435600000,1,
707,15.47,15.68,14.36,15.065,3057682.0,14.9141,1584450000000,29950,
708,15.07,15.55,14.45,15.47,3258710.0,15.1734,1584464400000,28855,
709,15.47,15.47,15.47,15.47,2870.0,15.47,1584478800000,1,
710,14.52,14.92,13.76,14.27,2783211.0,14.2539,1584536400000,21269,
711,14.12,14.73,13.61,14.7,5241029.0,14.1773,1584550800000,28915,
712,14.91,14.91,14.91,14.91,100.0,14.91,1584565200000,1,
713,14.7,15.085,14.301,14.505,2954241.0,14.5726,1584622800000,23295,
714,14.505,14.79,14.03,14.1,3658006.0,14.3662,1584637200000,29111,
715,14.1,14.1,14.1,14.1,6957.0,14.1,1584694800000,1,
716,14.39,14.39,12.73,13.285,5090063.0,13.4801,1584709200000,32168,
717,13.28,13.6155,12.2,12.52,6123681.0,12.897,1584723600000,49551,
718,12.52,12.52,12.52,12.52,232.0,12.52,1584738000000,1,
719,12.505,12.505,12.4,12.4,1300.0,12.4946,1584954000000,3,
720,12.79,13.23,11.63,13.0,5215077.0,12.7439,1584968400000,36692,
721,13.01,13.21,12.48,12.88,3211326.0,12.7955,1584982800000,28240,
722,13.4,14.78,13.4,14.52,3415401.0,14.2066,1585054800000,30433,
723,14.53,14.95,14.43,14.77,3834748.0,14.7037,1585069200000,34827,
724,14.8,15.685,13.803,15.485,3552519.0,14.7872,1585141200000,27478,
725,15.5,16.09,14.9,15.05,3727700.0,15.477,1585155600000,29769,
726,14.5,14.97,14.5,14.97,700.0,14.6343,1585213200000,3,
727,14.99,16.44,14.99,16.25,2080313.0,15.8615,1585227600000,17026,
728,16.25,16.76,15.76,16.64,2978505.0,16.3538,1585242000000,22846,
729,16.64,16.64,16.64,16.64,200.0,16.64,1585285200000,1,
730,16.38,16.38,16.38,16.38,200.0,16.38,1585299600000,1,
731,16.05,16.29,14.86,15.11,2468391.0,15.3574,1585314000000,20222,
732,15.11,15.65,14.85,15.21,3075387.0,15.2283,1585328400000,21625,
733,15.21,15.21,15.18,15.18,7052.0,15.2091,1585558800000,2,
734,15.2,16.05,14.86,15.725,2658685.0,15.5985,1585573200000,20183,
735,15.72,16.55,15.59,16.19,2829522.0,15.9855,1585587600000,21836,
736,16.24,16.67,16.02,16.08,2747997.0,16.3302,1585659600000,21833,
737,16.07,16.355,15.93,16.19,3541902.0,16.1873,1585674000000,31816,
738,15.6,15.6,14.45,14.505,3343700.0,14.9082,1585746000000,26170,
739,14.5,14.76,14.18,14.54,2667534.0,14.5013,1585760400000,21577,
740,14.5,14.5,14.5,14.5,335.0,14.5,1585774800000,1,
741,14.54,14.94,14.26,14.515,1489371.0,14.5904,1585832400000,12960,
742,14.515,14.54,13.891,14.37,2465880.0,14.1797,1585846800000,20299,
743,14.24,14.535,13.6,13.64,1473543.0,13.9741,1585918800000,13021,
744,13.64,13.715,13.38,13.58,3837847.0,13.5522,1585933200000,31593,
745,13.75,13.75,13.75,13.75,187.0,13.75,1586149200000,1,
746,14.38,14.75,14.22,14.7,3027545.0,14.533,1586178000000,21562,
747,14.705,15.14,14.62,15.02,2449936.0,14.8155,1586192400000,19965,
748,15.11,16.65,15.11,15.92,3248895.0,15.922,1586264400000,26244,
749,15.92,15.965,15.37,15.39,3930401.0,15.6384,1586278800000,29418,
750,15.39,15.39,15.39,15.39,350.0,15.39,1586336400000,3,
751,15.55,15.9,15.365,15.79,2414852.0,15.6487,1586350800000,16738,
752,15.79,16.05,15.68,15.9,2170388.0,15.8352,1586365200000,20155,
753,15.88,15.88,15.88,15.88,100.0,15.88,1586379600000,1,
754,16.27,16.67,16.145,16.615,1718972.0,16.3872,1586437200000,13488,
755,16.62,16.665,15.99,16.28,2161167.0,16.2777,1586451600000,20179,
756,16.01,16.22,15.06,15.84,2697525.0,15.6332,1586782800000,19023,
757,15.845,16.1,15.8099,16.04,2284507.0,16.0069,1586797200000,15887,
758,16.45,16.6,15.885,16.14,3263958.0,16.1803,1586869200000,19624,
759,16.14,16.285,16.01,16.05,2656293.0,16.1129,1586883600000,15650,
760,15.33,15.61,14.565,14.895,4487006.0,14.7694,1586955600000,28697,
761,14.89,14.97,14.595,14.7,2978363.0,14.7725,1586970000000,20286,
762,14.74,14.85,14.07,14.465,2701420.0,14.4669,1587042000000,16571,
763,14.465,14.865,14.42,14.53,4305480.0,14.6839,1587056400000,26097,
764,15.0,15.0,14.98,14.98,1000.0,14.982,1587070800000,4,
765,15.0,15.0,14.92,14.92,2426.0,14.9544,1587114000000,7,
766,14.97,15.41,14.815,15.01,2556530.0,15.0177,1587128400000,17123,
767,15.01,15.125,14.81,15.06,1851247.0,14.9962,1587142800000,14205,
768,14.67,15.17,14.37,15.05,2050208.0,14.8088,1587387600000,18693,
769,15.05,15.085,14.67,14.72,2682528.0,14.8593,1587402000000,20524,
770,14.5,14.5,14.5,14.5,100.0,14.5,1587459600000,1,
771,14.21,14.47,13.91,14.16,3771463.0,14.1302,1587474000000,20498,
772,14.15,14.36,13.965,14.03,3840226.0,14.1216,1587488400000,26579,
773,14.42,14.87,14.01,14.285,3352572.0,14.422,1587560400000,23231,
774,14.28,14.2875,13.98,14.04,3381595.0,14.1015,1587574800000,26344,
775,14.1,14.1,14.1,14.1,100.0,14.1,1587589200000,1,
776,14.04,14.04,14.04,14.04,644.0,14.04,1587632400000,1,
777,14.18,15.29,14.01,14.995,2675863.0,14.916,1587646800000,20777,
778,14.995,15.16,14.65,14.7,3906566.0,14.8028,1587661200000,29319,
779,14.8,14.8,14.8,14.8,100.0,14.8,1587718800000,1,
780,14.78,14.9,14.58,14.605,1571634.0,14.7226,1587733200000,16484,
781,14.6,14.86,14.53,14.74,2424303.0,14.7224,1587747600000,19273,
782,14.83,15.68,14.77,15.64,1936183.0,15.3733,1587992400000,16348,
783,15.635,15.905,15.55,15.73,2514712.0,15.765,1588006800000,17604,
784,15.99,16.25,15.99,16.25,575.0,16.1274,1588064400000,4,
785,16.25,16.59,15.97,16.535,3132159.0,16.3299,1588078800000,22443,
786,16.53,16.71,16.505,16.55,2371487.0,16.5939,1588093200000,19311,
787,17.13,18.49,17.09,18.46,4139449.0,17.757,1588165200000,29265,
788,18.46,18.5,17.92,18.01,3104429.0,18.1313,1588179600000,23879,
789,17.56,17.78,17.18,17.2354,2890781.0,17.5109,1588251600000,26538,
790,17.23,17.285,16.94,16.98,2733886.0,17.0542,1588266000000,22966,
791,16.45,16.57,16.45,16.57,400.0,16.54,1588280400000,2,
792,16.98,16.98,16.98,16.98,100.0,16.98,1588323600000,1,
793,16.61,16.64,16.06,16.2,1834020.0,16.2406,1588338000000,16943,
794,16.19,16.44,16.07,16.43,1972142.0,16.2922,1588352400000,16713,
795,16.43,16.43,16.43,16.43,1363.0,16.43,1588366800000,1,
796,16.05,16.05,16.05,16.05,100.0,16.05,1588582800000,1,
797,16.09,16.24,15.43,15.505,1720113.0,15.7547,1588597200000,14523,
798,15.51,15.94,15.39,15.87,1862959.0,15.7249,1588611600000,16968,
799,16.08,16.39,15.8,15.995,1220556.0,16.0491,1588683600000,11296,
800,16.0,16.085,15.775,15.79,2143954.0,15.8776,1588698000000,14410,
801,15.86,16.19,15.615,15.77,1314190.0,15.8175,1588770000000,13511,
802,15.775,16.255,15.7,16.22,4066612.0,16.0714,1588784400000,29024,
803,16.44,16.985,16.44,16.555,2390386.0,16.7322,1588856400000,20950,
804,16.565,16.6,16.205,16.27,2828122.0,16.3153,1588870800000,25224,
805,16.63,17.01,16.52,16.825,1437098.0,16.7983,1588942800000,13397,
806,16.825,17.4,16.81,17.32,2904357.0,17.237,1588957200000,23853,
807,17.33,17.33,16.32,16.885,1266651.0,16.6004,1589202000000,12504,
808,16.88,16.98,16.645,16.69,1642772.0,16.7679,1589216400000,14612,
809,16.69,16.69,16.69,16.69,1796.0,16.69,1589230800000,1,
810,16.8,16.87,16.41,16.73,973484.0,16.6367,1589288400000,10463,
811,16.725,16.73,16.12,16.13,1135034.0,16.3328,1589302800000,9720,
812,16.05,16.05,16.05,16.05,500.0,16.05,1589317200000,1,
813,16.15,16.15,15.0,15.2,2029550.0,15.3935,1589374800000,18766,
814,15.21,15.285,14.8,15.13,2700746.0,15.0467,1589389200000,22463,
815,15.12,15.12,15.12,15.12,100.0,15.12,1589403600000,1,
816,15.13,15.13,14.9,14.9,51000.0,15.1255,1589446800000,12,
817,15.11,15.6078,14.345,15.24,3867955.0,15.1471,1589461200000,27600,
818,15.24,15.39,15.105,15.37,3225918.0,15.2816,1589475600000,24634,
819,15.18,15.5301,14.99,15.43,1819007.0,15.3669,1589547600000,15980,
820,15.425,15.645,15.215,15.4,4546567.0,15.388,1589562000000,24246,
821,16.17,16.72,16.095,16.51,1861288.0,16.5102,1589806800000,15215,
822,16.505,16.79,16.5,16.63,2450342.0,16.6429,1589821200000,17066,
823,16.54,16.62,15.96,16.47,2158946.0,16.3109,1589893200000,17243,
824,16.46,16.595,16.04,16.05,1788744.0,16.3087,1589907600000,16469,
825,16.05,16.05,16.05,16.05,400.0,16.05,1589922000000,4,
826,16.33,16.66,16.29,16.595,1908204.0,16.5393,1589979600000,18258,
827,16.6,16.755,16.48,16.67,1943590.0,16.642,1589994000000,15442,
828,16.62,16.835,16.32,16.415,1548876.0,16.5839,1590066000000,13554,
829,16.42,16.47,16.29,16.33,1795605.0,16.3771,1590080400000,15074,
830,16.5,16.54,16.145,16.215,1068570.0,16.254,1590152400000,12571,
831,16.2169,16.5,16.2,16.48,1562666.0,16.3809,1590166800000,14262,
832,17.01,17.12,17.01,17.12,600.0,17.095,1590483600000,3,
833,17.2,17.77,16.96,17.685,2987872.0,17.5595,1590498000000,22849,
834,17.685,17.83,17.495,17.53,1858594.0,17.6555,1590512400000,16029,
835,17.99,18.0,17.99,18.0,261.0,17.99,1590570000000,3,
836,18.0,18.68,17.88,18.22,3164012.0,18.3594,1590584400000,25366,
837,18.22,18.46,18.06,18.19,2725967.0,18.2335,1590598800000,21128,
838,18.27,18.4,17.8,17.9,3790401.0,18.107,1590670800000,26640,
839,17.9,17.9019,17.395,17.44,2315175.0,17.6373,1590685200000,20935,
840,17.29,17.29,17.2,17.2,700.0,17.2129,1590742800000,3,
841,17.15,17.15,16.6,16.82,1732652.0,16.8025,1590757200000,15399,
842,16.81,17.22,16.755,17.21,4242443.0,17.0267,1590771600000,26477,
843,17.13,17.6,17.05,17.49,1148274.0,17.4228,1591016400000,12903,
844,17.485,17.565,17.37,17.47,1427157.0,17.4831,1591030800000,12742,
845,17.63,17.71,17.41,17.485,2611255.0,17.4964,1591102800000,21344,
846,17.485,17.56,17.32,17.55,2682328.0,17.4683,1591117200000,21561,
847,17.96,18.3,17.78,18.255,2123970.0,18.1983,1591189200000,18585,
848,18.26,18.365,18.23,18.3,2076595.0,18.3035,1591203600000,16823,
849,18.22,18.52,17.99,18.385,2050004.0,18.3015,1591275600000,19055,
850,18.385,18.61,18.325,18.61,3104718.0,18.5026,1591290000000,19303,
851,18.71,19.0,18.71,19.0,601.0,18.8064,1591347600000,3,
852,19.0,20.04,19.0,19.69,2503303.0,19.6907,1591362000000,22729,
853,19.685,19.72,19.215,19.35,2325358.0,19.3785,1591376400000,17842,
854,19.51,19.98,19.45,19.9,1796144.0,19.8169,1591621200000,14358,
855,19.905,20.27,19.9,20.23,3178807.0,20.1371,1591635600000,18834,
856,20.0,20.0,20.0,20.0,200.0,20.0,1591693200000,1,
857,19.82,19.9,19.27,19.35,1863560.0,19.6279,1591707600000,14543,
858,19.35,19.45,19.19,19.24,1687007.0,19.3179,1591722000000,15009,
859,19.24,19.24,19.24,19.24,887.0,19.24,1591736400000,1,
860,19.23,19.23,19.23,19.23,100.0,19.23,1591779600000,1,
861,19.19,19.22,18.28,18.81,1758036.0,18.5796,1591794000000,15903,
862,18.805,19.19,18.64,18.66,2456753.0,18.838,1591808400000,19644,
863,18.0,18.0,18.0,18.0,922.0,18.0,1591866000000,4,
864,17.81,17.83,17.13,17.32,3077163.0,17.4906,1591880400000,23325,
865,17.32,17.4,16.965,17.06,3056181.0,17.1506,1591894800000,23695,
866,17.11,17.11,17.1,17.1,500.0,17.1033,1591952400000,3,
867,17.76,17.86,16.805,17.13,2584936.0,17.3074,1591966800000,23730,
868,17.14,17.34,16.775,17.28,2633915.0,17.154,1591981200000,21891,
869,16.7,17.635,16.49,17.63,2306149.0,17.1513,1592226000000,22751,
870,17.625,17.925,17.42,17.69,2061914.0,17.6914,1592240400000,19699,
871,18.1,18.18,18.1,18.18,300.0,18.1533,1592298000000,2,
872,18.3,18.48,17.505,17.88,2420538.0,18.0623,1592312400000,21954,
873,17.875,17.99,17.66,17.84,1662355.0,17.8296,1592326800000,15527,
874,17.9,17.99,17.33,17.52,2455427.0,17.5946,1592398800000,20565,
875,17.52,17.7,17.44,17.46,1493953.0,17.5319,1592413200000,11951,
876,17.23,17.58,17.085,17.54,2131941.0,17.3474,1592485200000,17431,
877,17.54,17.61,17.435,17.55,1373046.0,17.5273,1592499600000,13326,
878,17.96,17.96,17.0,17.26,2247889.0,17.4625,1592571600000,18146,
879,17.255,17.255,16.84,17.0585,4462110.0,17.0705,1592586000000,34624,
880,17.05,17.05,17.05,17.05,100.0,17.05,1592600400000,1,
881,17.0,17.0,16.56,16.78,1271311.0,16.7561,1592830800000,12236,
882,16.78,16.835,16.66,16.75,1898245.0,16.7478,1592845200000,14023,
883,17.0,17.0,17.0,17.0,148.0,17.0,1592902800000,2,
884,17.07,17.27,16.785,17.05,1122826.0,16.9957,1592917200000,10017,
885,17.045,17.405,17.04,17.24,1895134.0,17.2825,1592931600000,16139,
886,17.25,17.25,17.25,17.25,100.0,17.25,1592946000000,1,
887,17.24,17.24,17.2399,17.2399,3510.0,17.24,1592989200000,4,
888,17.01,17.07,16.25,16.54,1685107.0,16.5243,1593003600000,16084,
889,16.535,16.565,16.35,16.43,1618801.0,16.4565,1593018000000,16041,
890,16.3,16.3,16.3,16.3,176.0,16.3,1593032400000,2,
891,16.43,16.43,16.4,16.4,2000.0,16.415,1593075600000,2,
892,16.19,16.365,16.02,16.25,1221406.0,16.2186,1593090000000,12200,
893,16.255,16.535,16.215,16.46,2399091.0,16.414,1593104400000,15578,
894,16.46,16.46,15.925,15.95,1524358.0,16.2349,1593176400000,15382,
895,15.95,16.31,15.92,16.22,2049927.0,16.1312,1593190800000,16594,
896,16.39,17.25,16.36,17.095,2175889.0,17.0163,1593435600000,20076,
897,17.09,17.165,16.835,16.97,2614277.0,16.9683,1593450000000,17098,
898,16.97,16.97,16.97,16.97,500.0,16.97,1593507600000,1,
899,16.92,17.49,16.8179,17.12,2291643.0,17.2112,1593522000000,19520,
900,17.1225,17.23,17.025,17.16,2379867.0,17.1401,1593536400000,17678,
901,17.2,17.62,17.07,17.23,1565587.0,17.3307,1593608400000,15522,
902,17.23,17.26,16.995,17.06,1559220.0,17.1343,1593622800000,14410,
903,17.06,17.06,17.06,17.06,271.0,17.06,1593637200000,2,
904,17.44,17.5,16.875,17.02,1152199.0,17.172,1593694800000,11120,
905,17.015,17.16,16.9,17.06,1092948.0,17.0459,1593709200000,11856,
906,17.55,17.73,17.21,17.24,1637606.0,17.4219,1594040400000,14066,
907,17.24,17.46,17.225,17.36,2036609.0,17.3608,1594054800000,13235,
908,17.39,17.39,17.39,17.39,100.0,17.39,1594069200000,1,
909,17.12,17.32,16.995,17.175,1253527.0,17.1649,1594126800000,10564,
910,17.175,17.37,17.175,17.19,1871276.0,17.2299,1594141200000,14041,
911,17.09,17.09,16.66,16.82,1278654.0,16.7985,1594213200000,14198,
912,16.8184,17.05,16.66,17.0,1962751.0,16.8972,1594227600000,15944,
913,17.0,17.0,17.0,17.0,1500.0,17.0,1594285200000,3,
914,16.9,16.97,16.12,16.415,1332443.0,16.3847,1594299600000,12974,
915,16.41,16.48,16.295,16.39,1652500.0,16.38,1594314000000,13588,
916,16.4,17.105,16.38,17.06,1685980.0,16.8815,1594386000000,16425,
917,17.05,17.12,16.93,16.97,1381634.0,16.9986,1594400400000,12188,
918,17.2,17.32,16.985,17.29,1024915.0,17.1265,1594645200000,8984,
919,17.29,17.36,16.935,16.98,1367040.0,17.1603,1594659600000,12892,
920,16.93,17.37,16.74,17.2,1044139.0,17.1792,1594731600000,10340,
921,17.21,17.39,17.15,17.35,1072485.0,17.2919,1594746000000,9565,
922,17.35,17.5,17.35,17.5,731.0,17.4526,1594760400000,6,
923,16.75,17.88,16.75,17.88,4168.0,17.2451,1594803600000,6,
924,17.69,17.97,17.515,17.955,1314561.0,17.8167,1594818000000,11096,
925,17.96,18.14,17.95,18.05,1133520.0,18.0686,1594832400000,9751,
926,17.95,18.435,17.85,18.215,1557334.0,18.2279,1594904400000,12484,
927,18.21,18.32,18.125,18.2,1573051.0,18.2304,1594918800000,12950,
928,18.22,18.57,18.03,18.3,12488.0,18.3346,1594976400000,12,
929,18.24,18.36,17.95,18.025,1581747.0,18.1363,1594990800000,11559,
930,18.02,18.12,17.9,18.0,1158617.0,18.0145,1595005200000,10869,
931,17.83,17.895,17.15,17.2,1973378.0,17.37,1595250000000,14848,
932,17.19,17.47,17.175,17.45,1778999.0,17.3963,1595264400000,11728,
933,17.51,18.02,17.51,17.845,1064016.0,17.8127,1595336400000,10864,
934,17.8427,17.89,17.635,17.68,847469.0,17.7215,1595350800000,8456,
935,17.63,17.97,17.58,17.836,557195.0,17.7901,1595422800000,5487,
936,17.835,18.07,17.82,18.0,1483564.0,17.9827,1595437200000,10932,
937,18.01,18.01,18.01,18.01,100.0,18.01,1595451600000,1,
938,18.42,18.7,18.15,18.69,20312.0,18.3771,1595494800000,97,
939,18.6,18.91,18.42,18.58,3798924.0,18.6991,1595509200000,25525,
940,18.58,18.61,18.335,18.46,2204729.0,18.4957,1595523600000,15792,
941,18.54,18.905,18.33,18.505,2553812.0,18.615,1595595600000,24547,
942,18.505,18.59,18.45,18.55,1658980.0,18.5164,1595610000000,12756,
943,18.77,18.77,18.4,18.4,500.0,18.5434,1595624400000,6,
944,18.44,18.65,18.29,18.52,3335609.0,18.5406,1595854800000,19845,
945,18.52,18.655,18.505,18.56,2246180.0,18.5543,1595869200000,13910,
946,18.25,18.25,17.9,17.9,3251.0,18.0938,1595926800000,6,
947,18.0,18.46,17.78,18.365,2907483.0,18.2313,1595941200000,20684,
948,18.365,18.59,18.0,18.0,2011533.0,18.4581,1595955600000,14577,
949,18.8,18.8,18.4141,18.4141,297.0,18.5466,1596013200000,3,
950,18.55,19.4,18.22,18.52,5151458.0,18.767,1596027600000,27561,
951,18.51,19.08,18.48,18.91,3116331.0,18.8252,1596042000000,21840,
952,19.0,19.0002,18.42,18.94,16119.0,18.6979,1596099600000,7,
953,18.7,18.7,18.335,18.52,1598232.0,18.5253,1596114000000,15313,
954,18.51,18.56,18.37,18.41,1708905.0,18.4662,1596128400000,15413,
955,18.41,18.41,17.8,17.86,1534157.0,18.0427,1596200400000,13654,
956,17.86,18.06,17.785,18.05,2507711.0,17.9255,1596214800000,17421,
957,18.11,18.37,17.9,18.28,1148838.0,18.1679,1596459600000,10883,
958,18.285,18.57,18.275,18.42,1673799.0,18.4538,1596474000000,12169,
959,18.45,18.77,18.29,18.69,1255616.0,18.5487,1596546000000,11824,
960,18.69,18.7,18.46,18.51,1100221.0,18.5325,1596560400000,10013,
961,18.56,18.56,18.53,18.53,6201.0,18.5302,1596618000000,6,
962,18.78,18.895,18.425,18.75,1388893.0,18.7024,1596632400000,11177,
963,18.755,18.8,18.63,18.69,2475364.0,18.705,1596646800000,10021,
964,18.9,18.9,18.9,18.9,2801.0,18.9,1596661200000,2,
965,18.48,19.2,18.48,18.58,8000.0,18.8878,1596704400000,6,
966,18.55,18.89,18.55,18.665,1085654.0,18.7219,1596718800000,11014,
967,18.665,18.6936,18.51,18.53,2497762.0,18.5717,1596733200000,12937,
968,18.65,18.67,18.65,18.67,5203.0,18.66,1596747600000,5,
969,18.4,18.69,18.4,18.5,30275.0,18.4982,1596790800000,28,
970,18.37,18.49,18.105,18.4,3178602.0,18.2217,1596805200000,15585,
971,18.4,18.46,18.29,18.41,2035229.0,18.3754,1596819600000,12855,
972,18.38,18.55,18.36,18.36,13737.0,18.4319,1597050000000,34,
973,18.5,19.27,18.5,19.145,1526511.0,19.047,1597064400000,13778,
974,19.145,19.18,18.98,19.12,2401102.0,19.0975,1597078800000,13552,
975,18.85,19.22,18.85,19.2,9606.0,19.035,1597093200000,8,
976,19.13,19.4,19.13,19.4,5700.0,19.2206,1597136400000,38,
977,19.13,19.935,19.13,19.54,1572699.0,19.7087,1597150800000,14372,
978,19.55,19.75,19.25,19.25,2095480.0,19.4865,1597165200000,15666,
979,19.44,19.59,19.05,19.2,1646819.0,19.2039,1597237200000,12302,
980,19.205,19.205,18.96,19.0,1494584.0,19.0255,1597251600000,12375,
981,18.8,19.0,18.6686,18.82,1601985.0,18.8014,1597323600000,13710,
982,18.81,18.88,18.7,18.79,1510160.0,18.7808,1597338000000,12242,
983,18.74,19.125,18.65,18.9,1045801.0,18.9286,1597410000000,9341,
984,18.9,19.08,18.85,18.86,1137359.0,18.9324,1597424400000,8935,
985,18.8,18.8,18.7,18.7,414.0,18.744,1597438800000,4,
986,18.89,18.93,18.47,18.6686,1251998.0,18.611,1597669200000,9657,
987,18.66,18.665,18.525,18.58,1523489.0,18.5911,1597683600000,10377,
988,18.54,18.77,18.425,18.46,897031.0,18.562,1597755600000,8368,
989,18.47,18.475,18.355,18.46,1606346.0,18.418,1597770000000,10477,
990,18.51,18.685,18.31,18.37,1267259.0,18.516,1597842000000,10731,
991,18.375,18.465,18.26,18.34,1229097.0,18.3655,1597856400000,10564,
992,18.45,18.45,18.45,18.45,3503.0,18.4499,1597870800000,4,
993,18.22,18.24,17.96,17.97,781650.0,18.0912,1597928400000,7853,
994,17.9682,18.01,17.79,17.8,1954072.0,17.8806,1597942800000,12281,
995,17.8,17.8,17.8,17.8,100.0,17.8,1598000400000,1,
996,17.67,17.72,17.415,17.52,1619065.0,17.5785,1598014800000,11456,
997,17.515,17.66,17.47,17.48,1557116.0,17.5315,1598029200000,10478,
998,17.57,18.26,17.5,18.115,1413002.0,18.0779,1598274000000,11960,
999,18.125,18.33,18.095,18.33,1443083.0,18.2491,1598288400000,11735,
1000,18.46,18.46,17.96,18.02,912520.0,18.1256,1598360400000,8747,
1001,18.02,18.19,18.0,18.14,801014.0,18.1106,1598374800000,7884,
1002,18.04,18.215,17.84,17.955,977031.0,18.0103,1598446800000,8703,
1003,17.955,17.96,17.87,17.91,939778.0,17.9037,1598461200000,7938,
1004,17.93,18.05,17.93,18.05,6204.0,17.99,1598475600000,6,
1005,18.05,18.595,18.05,18.28,1665473.0,18.4406,1598533200000,14520,
1006,18.28,18.565,18.26,18.4,1827290.0,18.4318,1598547600000,13667,
1007,18.38,18.47,18.16,18.41,680751.0,18.3323,1598619600000,6663,
1008,18.41,18.56,18.39,18.54,1068610.0,18.4932,1598634000000,9071,
1009,18.5,18.5,18.5,18.5,100.0,18.5,1598648400000,1,
1010,18.32,18.43,17.88,17.925,1093563.0,18.0628,1598878800000,8930,
1011,17.925,17.99,17.52,17.52,1915781.0,17.827,1598893200000,13080,
1012,17.76,17.97,17.46,17.825,1190307.0,17.7869,1598965200000,9497,
1013,17.82,17.85,17.67,17.74,1180674.0,17.7286,1598979600000,7958,
1014,17.69,17.69,17.65,17.65,450.0,17.6679,1598994000000,4,
1015,17.78,17.8,17.76,17.8,2100.0,17.7852,1599037200000,8,
1016,17.75,18.19,17.74,17.99,2117986.0,18.0241,1599051600000,13127,
1017,17.985,18.095,17.89,17.95,2145541.0,17.9931,1599066000000,11747,
1018,18.21,18.54,17.665,17.83,2511509.0,18.0826,1599138000000,15404,
1019,17.835,17.94,17.695,17.86,2947318.0,17.8145,1599152400000,16316,
1020,17.86,17.86,17.85,17.85,982.0,17.8569,1599210000000,2,
1021,18.2,18.24,17.72,18.0,1200610.0,17.9483,1599224400000,12250,
1022,18.005,18.045,17.81,17.84,1342658.0,17.9293,1599238800000,10188,
1023,17.71,17.83,17.385,17.64,1443769.0,17.5662,1599570000000,13164,
1024,17.65,17.71,17.4,17.47,1563301.0,17.5215,1599584400000,13185,
1025,17.61,17.635,17.19,17.25,1552129.0,17.3217,1599656400000,14100,
1026,17.255,17.46,17.18,17.2,2935890.0,17.2863,1599670800000,20012,
1027,17.25,17.47,16.96,17.045,1408370.0,17.1549,1599742800000,11557,
1028,17.05,17.17,16.905,16.94,1822045.0,17.0109,1599757200000,15175,
1029,17.0,17.28,16.87,17.12,1220900.0,17.0762,1599829200000,10003,
1030,17.12,17.36,17.09,17.3,1856985.0,17.2485,1599843600000,13834,
1031,17.48,18.17,17.44,18.125,1818754.0,17.9616,1600088400000,14462,
1032,18.125,18.265,17.99,18.16,2009499.0,18.1364,1600102800000,16165,
1033,18.13,18.29,17.75,18.105,1110958.0,18.1103,1600174800000,9798,
1034,18.1,18.14,18.0,18.05,1302795.0,18.0565,1600189200000,10484,
1035,18.21,18.645,18.03,18.615,1044170.0,18.4232,1600261200000,9685,
1036,18.61,18.82,18.52,18.52,2235261.0,18.6589,1600275600000,18253,
1037,18.25,18.62,17.99,18.3,1305104.0,18.3915,1600347600000,11945,
1038,18.29,18.52,18.205,18.52,1352517.0,18.3057,1600362000000,10775,
1039,18.24,18.29,17.78,17.86,1185828.0,18.0574,1600434000000,8169,
1040,17.86,17.985,17.8,17.8317,1388521.0,17.8758,1600448400000,10731,
1041,17.51,17.51,17.5,17.5,900.0,17.5044,1600678800000,3,
1042,17.35,17.52,16.85,16.89,1337956.0,17.0838,1600693200000,11399,
1043,16.9,16.97,16.72,16.93,1764505.0,16.8875,1600707600000,11597,
1044,16.97,17.149,16.61,16.615,1547045.0,16.8502,1600779600000,10616,
1045,16.62,16.755,16.605,16.68,1781660.0,16.6832,1600794000000,11570,
1046,16.6842,16.92,16.38,16.585,1105503.0,16.6352,1600866000000,9531,
1047,16.58,16.62,16.18,16.2,2103174.0,16.343,1600880400000,14927,
1048,16.1,16.1,16.1,16.1,200.0,16.1,1600938000000,2,
1049,16.1,16.38,15.92,16.315,1302228.0,16.2161,1600952400000,8664,
1050,16.33,16.515,16.175,16.28,1669763.0,16.3389,1600966800000,10877,
1051,16.13,16.22,16.13,16.19,10200.0,16.1809,1601024400000,27,
1052,16.18,16.7,16.07,16.68,2817591.0,16.4157,1601038800000,16110,
1053,16.6744,17.25,16.57,17.25,2745771.0,16.7615,1601053200000,19275,
1054,16.9,17.2199,16.88,17.05,4795.0,16.9779,1601067600000,8,
1055,17.1,17.28,17.0,17.28,3864.0,17.1499,1601283600000,17,
1056,17.15,17.25,16.875,17.115,1563349.0,17.0072,1601298000000,12732,
1057,17.12,17.19,17.0,17.05,1370048.0,17.0879,1601312400000,10980,
1058,17.1,17.1,17.1,17.1,1000.0,17.1,1601326800000,1,
1059,16.95,17.01,16.95,17.01,325.0,16.9869,1601370000000,4,
1060,17.1,17.1,16.55,16.62,1318103.0,16.7558,1601384400000,10595,
1061,16.625,16.69,16.54,16.62,1183054.0,16.6167,1601398800000,10783,
1062,16.75,16.99,16.63,16.78,1856202.0,16.7927,1601470800000,11620,
1063,16.78,16.83,16.47,16.67,2103757.0,16.6512,1601485200000,16759,
1064,16.56,16.56,16.56,16.56,201.0,16.5642,1601542800000,3,
1065,16.8,16.98,16.5999,16.825,1108887.0,16.7803,1601557200000,10119,
1066,16.835,16.91,16.64,16.77,1946895.0,16.7533,1601571600000,14240,
1067,16.63,16.63,16.35,16.45,1396.0,16.4427,1601629200000,10,
1068,16.4,17.395,16.4,17.38,1974768.0,17.0111,1601643600000,13578,
1069,17.385,17.505,17.225,17.41,1530712.0,17.3933,1601658000000,12174,
1070,17.22,17.22,17.21,17.21,400.0,17.2249,1601672400000,4,
1071,17.15,17.15,17.15,17.15,103.0,17.15,1601888400000,2,
1072,17.63,17.91,17.5,17.63,764353.0,17.6324,1601902800000,7082,
1073,17.63,18.13,17.61,17.93,1609880.0,17.6751,1601917200000,9954,
1074,17.81,17.94,17.63,17.94,817756.0,17.7891,1601989200000,7605,
1075,17.95,18.035,17.435,17.49,1638512.0,17.6722,1602003600000,12601,
1076,17.75,17.75,17.75,17.75,1000.0,17.75,1602061200000,1,
1077,17.4841,17.93,17.4841,17.84,778135.0,17.8037,1602075600000,6624,
1078,17.84,18.135,17.835,18.03,1344951.0,18.0278,1602090000000,10219,
1079,18.14,18.35,17.97,18.225,1355601.0,18.1224,1602162000000,11001,
1080,18.22,18.42,18.2,18.34,1178790.0,18.3273,1602176400000,9650,
1081,18.54,18.67,18.215,18.45,1255253.0,18.3998,1602248400000,10865,
1082,18.45,18.495,18.32,18.36,3125112.0,18.3673,1602262800000,17435,
1083,18.43,18.645,18.395,18.49,1602509.0,18.4759,1602507600000,9022,
1084,18.485,18.57,18.39,18.55,1907538.0,18.4972,1602522000000,11697,
1085,18.53,18.56,18.47,18.47,3500.0,18.5157,1602579600000,7,
1086,18.4,18.55,18.03,18.18,1340740.0,18.2665,1602594000000,10357,
1087,18.19,18.24,17.925,17.93,1432362.0,18.0191,1602608400000,10828,
1088,18.11,18.34,17.98,18.3,3631981.0,18.1143,1602680400000,18666,
1089,18.29,18.33,18.03,18.07,2259843.0,18.1321,1602694800000,15285,
1090,17.76,17.93,17.4315,17.765,1759889.0,17.6953,1602766800000,12423,
1091,17.76,17.995,17.73,17.96,976443.0,17.9231,1602781200000,7920,
1092,18.15,18.3,18.15,18.3,1854.0,18.2401,1602838800000,6,
1093,18.12,18.25,17.855,18.17,1945835.0,18.0794,1602853200000,14377,
1094,18.17,18.44,18.135,18.27,2066766.0,18.3121,1602867600000,14743,
1095,18.36,18.46,17.95,17.95,1485660.0,18.2297,1603112400000,10339,
1096,17.955,18.06,17.7,17.74,1686690.0,17.876,1603126800000,12300,
1097,17.98,17.98,17.0401,17.0401,600.0,17.5281,1603141200000,3,
1098,18.02,18.055,17.8,17.995,1465852.0,17.9453,1603198800000,10796,
1099,18.0,18.08,17.795,18.0,2808341.0,17.9674,1603213200000,17066,
1100,18.0,18.3,18.0,18.29,304.0,18.1967,1603227600000,4,
1101,18.65,18.65,18.44,18.45,6491.0,18.5723,1603270800000,20,
1102,18.35,18.8,17.72,18.57,3030083.0,18.4832,1603285200000,21074,
1103,18.57,18.8,18.525,18.7,3068812.0,18.6898,1603299600000,24016,
1104,18.7,18.7,18.7,18.7,300.0,18.7,1603314000000,4,
1105,18.79,18.98,18.79,18.87,2996.0,18.8589,1603357200000,9,
1106,18.97,19.5,18.84,19.285,3375555.0,19.1566,1603371600000,20477,
1107,19.285,19.37,19.08,19.15,2236327.0,19.1921,1603386000000,16055,
1108,19.25,19.25,19.25,19.25,100.0,19.25,1603400400000,1,
1109,19.37,19.4,18.97,19.045,1786210.0,19.2129,1603458000000,15634,
1110,19.045,19.35,19.04,19.34,1608830.0,19.2392,1603472400000,13183,
1111,19.34,19.34,19.11,19.11,900.0,19.14,1603702800000,4,
1112,19.15,19.23,18.81,18.94,2042088.0,19.0097,1603717200000,18498,
1113,18.93,19.03,18.84,19.0,3490553.0,18.9306,1603731600000,25445,
1114,19.0,19.0,19.0,19.0,600.0,19.0,1603746000000,6,
1115,19.07,19.15,18.725,18.855,3323677.0,18.8672,1603803600000,23178,
1116,18.85,18.96,18.765,18.85,1885530.0,18.8559,1603818000000,16841,
1117,18.56,18.56,18.5,18.5,1419.0,18.5372,1603875600000,4,
1118,18.31,18.51,17.86,17.895,3464872.0,18.1314,1603890000000,18972,
1119,17.89,18.02,17.74,17.83,2398622.0,17.8853,1603904400000,18331,
1120,17.86,17.87,17.86,17.87,240.0,17.8642,1603918800000,2,
1121,18.45,18.45,18.45,18.45,921.0,18.45,1603962000000,3,
1122,17.74,18.29,17.57,18.245,2153179.0,17.9903,1603976400000,16684,
1123,18.25,18.54,18.175,18.31,2704039.0,18.3784,1603990800000,17967,
1124,18.32,18.67,17.99,18.135,1829769.0,18.2226,1604062800000,15029,
1125,18.13,18.26,17.98,18.09,2895325.0,18.0956,1604077200000,19798,
1126,18.29,18.4,18.29,18.29,5800.0,18.3556,1604307600000,18,
1127,18.4,18.93,18.18,18.815,1057640.0,18.6509,1604322000000,10582,
1128,18.82,18.94,18.6,18.92,2299091.0,18.8222,1604336400000,22235,
1129,18.92,18.92,18.92,18.92,129023.0,18.92,1604350800000,48,
1130,19.15,19.49,18.98,19.365,2471456.0,19.3157,1604408400000,14032,
1131,19.37,19.49,19.175,19.36,1473322.0,19.3674,1604422800000,13359,
1132,19.35,19.35,19.35,19.35,113874.0,19.35,1604437200000,28,
1133,19.4,19.4,19.39,19.4,4000.0,19.3993,1604480400000,4,
1134,19.18,19.34,18.78,19.08,1772583.0,19.0542,1604494800000,15815,
1135,19.085,19.215,18.88,18.9,2624242.0,19.0344,1604509200000,20777,
1136,18.9,19.25,18.9,19.25,145846.0,18.9006,1604523600000,27,
1137,19.09,19.42,19.09,19.327,1611532.0,19.3396,1604581200000,13778,
1138,19.33,19.6,19.165,19.535,1451099.0,19.4415,1604595600000,13895,
1139,19.53,19.53,19.53,19.53,48268.0,19.53,1604610000000,37,
1140,19.48,19.61,19.19,19.19,1239790.0,19.4005,1604667600000,10780,
1141,19.1913,19.205,18.97,19.0,1922015.0,19.0394,1604682000000,18449,
1142,18.99,19.0,18.99,19.0,278633.0,18.99,1604696400000,31,
1143,19.88,19.88,19.88,19.88,307.0,19.8691,1604912400000,4,
1144,19.5602,21.41,19.5602,21.115,2302450.0,21.0621,1604926800000,16184,
1145,21.12,21.74,21.05,21.09,4510933.0,21.3764,1604941200000,36725,
1146,21.09,21.09,21.09,21.09,256969.0,21.09,1604955600000,32,
1147,21.26,21.46,21.05,21.2258,1769506.0,21.2538,1605013200000,14854,
1148,21.225,21.49,21.2,21.42,3227201.0,21.3594,1605027600000,24019,
1149,21.42,21.42,21.42,21.42,62802.0,21.42,1605042000000,37,
1150,21.47,21.56,21.47,21.56,3000.0,21.515,1605085200000,4,
1151,21.43,21.43,20.71,20.715,1401307.0,20.9451,1605099600000,10246,
1152,20.72,20.8,20.37,20.77,4248401.0,20.6013,1605114000000,28027,
1153,20.77,20.77,20.77,20.77,49681.0,20.77,1605128400000,34,
1154,20.75,20.75,20.75,20.75,1000.0,20.75,1605171600000,1,
1155,20.57,20.78,20.47,20.6,996743.0,20.6409,1605186000000,8120,
1156,20.595,20.6,20.215,20.48,2014318.0,20.379,1605200400000,14439,
1157,20.48,20.6385,20.3621,20.6385,77962.0,20.4583,1605214800000,33,
1158,20.72,21.28,20.65,21.245,1413378.0,21.0315,1605272400000,10571,
1159,21.25,21.265,21.12,21.15,2037723.0,21.2015,1605286800000,16509,
1160,21.16,21.16,21.16,21.16,27854.0,21.16,1605301200000,32,
1161,21.73,22.0603,21.5718,21.84,1217695.0,21.8127,1605531600000,11626,
1162,21.835,21.85,21.505,21.65,2636315.0,21.6448,1605546000000,22272,
1163,21.64,21.8,21.64,21.8,54559.0,21.6403,1605560400000,22,
1164,21.39,21.71,21.245,21.63,1278165.0,21.4875,1605618000000,8809,
1165,21.64,21.98,21.62,21.91,1407332.0,21.8548,1605632400000,14325,
1166,21.9,21.9,21.9,21.9,123511.0,21.9,1605646800000,35,
1167,21.9088,22.09,21.75,21.895,717364.0,21.9329,1605704400000,7052,
1168,21.895,21.9,21.37,21.4,1736028.0,21.5662,1605718800000,16160,
1169,21.4,21.4,21.4,21.4,46139.0,21.4,1605733200000,35,
1170,21.4,21.4,21.4,21.4,100.0,21.4,1605776400000,1,
1171,21.4999,21.4999,21.06,21.27,888633.0,21.3069,1605790800000,7701,
1172,21.265,21.63,21.235,21.59,1417709.0,21.4701,1605805200000,12620,
1173,21.59,21.59,21.59,21.59,27873.0,21.59,1605819600000,34,
1174,21.41,21.53,21.3,21.485,850203.0,21.3973,1605877200000,7318,
1175,21.48,21.695,21.34,21.65,1557497.0,21.5363,1605891600000,14735,
1176,21.65,21.65,21.65,21.65,131226.0,21.65,1605906000000,34,
1177,22.0,22.0,22.0,22.0,600.0,22.0,1606122000000,1,
1178,21.95,22.02,21.72,22.015,728014.0,21.8661,1606136400000,6600,
1179,22.015,22.24,21.99,22.1,1233367.0,22.1074,1606150800000,11951,
1180,22.09,22.65,22.09,22.5,156419.0,22.0906,1606165200000,27,
1181,22.36,22.36,22.25,22.31,1200.0,22.2892,1606208400000,4,
1182,22.55,23.02,22.34,23.01,928926.0,22.6392,1606222800000,8693,
1183,23.01,23.28,23.0,23.225,4095239.0,23.1468,1606237200000,22187,
1184,23.23,23.3,23.23,23.3,108005.0,23.2301,1606251600000,38,
1185,22.98,23.07,22.66,22.975,1342939.0,22.8513,1606309200000,10889,
1186,22.975,23.215,22.95,23.12,2449377.0,23.0862,1606323600000,22240,
1187,23.11,23.1805,23.11,23.1805,126040.0,23.1486,1606338000000,52,
1188,23.01,23.15,22.78,22.94,721191.0,22.9807,1606482000000,7274,
1189,22.935,22.94,22.75,22.8,557209.0,22.8058,1606496400000,4227,
1190,22.39,22.695,22.31,22.355,811682.0,22.4998,1606741200000,7873,
1191,22.35,22.56,22.205,22.28,2231763.0,22.3465,1606755600000,19110,
1192,22.28,22.282785,22.19,22.28,671008.0,22.2795,1606770000000,78,
1193,22.4,22.4,22.4,22.4,100.0,22.4,1606813200000,1,
1194,22.62,22.965,22.47,22.62,1493855.0,22.7572,1606827600000,10916,
1195,22.61,22.97,22.6,22.8,1674076.0,22.8462,1606842000000,15912,
1196,22.79,22.79,22.79,22.79,750870.0,22.79,1606856400000,51,
1197,22.7998,22.87,22.55,22.83,1107164.0,22.6918,1606914000000,9887,
1198,22.83,23.2,22.83,23.2,2200576.0,23.0768,1606928400000,18512,
1199,23.2,23.3,23.2,23.3,265678.0,23.2,1606942800000,28,
1200,23.35,23.35,23.35,23.35,225.0,23.3811,1606986000000,4,
1201,23.5,23.62,23.15,23.565,984626.0,23.4407,1607000400000,8942,
1202,23.56,23.84,23.5,23.7,2665030.0,23.6294,1607014800000,19207,
1203,23.69,23.69,23.63,23.69,281849.0,23.6588,1607029200000,50,
1204,23.78,23.995,23.65,23.955,1245548.0,23.8903,1607086800000,9594,
1205,23.96,24.0675,23.86,23.96,1820966.0,23.9642,1607101200000,17011,
1206,23.96,23.96,23.55,23.55,24727.0,23.9517,1607115600000,29,
1207,23.9,23.965,23.655,23.715,1298399.0,23.7914,1607346000000,13101,
1208,23.72,23.85,23.6,23.84,1493870.0,23.7321,1607360400000,18747,
1209,23.84,23.84,23.65,23.65,29174.0,23.8376,1607374800000,36,
1210,23.84,24.64,23.5456,23.705,799400.0,23.8174,1607432400000,7830,
1211,23.71,23.9,23.61,23.67,1617019.0,23.7367,1607446800000,14493,
1212,23.66,23.66,23.66,23.66,446145.0,23.66,1607461200000,34,
1213,23.7,23.8,23.7,23.76,3300.0,23.7418,1607504400000,6,
1214,23.83,24.15,23.8,23.88,1195080.0,24.0041,1607518800000,8587,
1215,23.875,23.92,23.5175,23.69,1406332.0,23.6931,1607533200000,14092,
1216,23.7,23.7,23.7,23.7,386214.0,23.7,1607547600000,30,
1217,23.39,23.56,23.23,23.405,1005446.0,23.3626,1607605200000,7214,
1218,23.4,23.75,23.395,23.63,1227194.0,23.6346,1607619600000,11872,
1219,23.64,23.64,23.64,23.64,36538.0,23.64,1607634000000,33,
1220,23.74,24.22,23.61,24.185,1451883.0,23.9104,1607691600000,10864,
1221,24.185,24.185,23.825,23.92,1680709.0,23.9374,1607706000000,13328,
1222,23.92,23.92,23.92,23.92,47817.0,23.92,1607720400000,34,
1223,24.12,24.2,24.12,24.16,4718.0,24.1575,1607936400000,17,
1224,24.09,24.38,23.94,24.0,1199474.0,24.167,1607950800000,11949,
1225,24.0,24.06,23.69,23.69,2426085.0,23.8333,1607965200000,19175,
1226,23.7,23.8,23.7,23.8,673691.0,23.7,1607979600000,46,
1227,23.83,23.95,23.83,23.93,3000.0,23.8827,1608022800000,10,
1228,23.89,24.11,23.74,24.025,924797.0,23.9369,1608037200000,8906,
1229,24.02,24.2785,23.99,24.19,1518920.0,24.1476,1608051600000,15283,
1230,24.19,24.19,24.19,24.19,64936.0,24.19,1608066000000,39,
1231,24.26,24.35,24.26,24.31,4700.0,24.2951,1608109200000,16,
1232,24.28,24.34,23.95,24.12,677280.0,24.1781,1608123600000,7222,
1233,24.115,24.15,23.91,24.1,954856.0,24.0533,1608138000000,11602,
1234,24.1,24.1,24.1,24.1,41454.0,24.1,1608152400000,39,
1235,24.2,24.33,23.51,23.695,1004835.0,23.7888,1608210000000,9913,
1236,23.705,23.825,23.605,23.8,1536591.0,23.7231,1608224400000,14791,
1237,23.8,23.8,23.8,23.8,29990.0,23.8,1608238800000,27,
1238,23.74,23.84,23.74,23.82,4600.0,23.7826,1608282000000,6,
1239,23.8,24.03,23.59,23.71,1185563.0,23.828,1608296400000,7807,
1240,23.715,23.98,23.63,23.935,3053325.0,23.8237,1608310800000,18691,
1241,23.94,23.94,23.94,23.94,269611.0,23.9407,1608325200000,32,
1242,23.5,23.71,23.03,23.34,1119851.0,23.3475,1608555600000,9428,
1243,23.34,23.53,23.28,23.41,1530262.0,23.3807,1608570000000,13241,
1244,23.42,23.42,23.42,23.42,74426.0,23.42,1608584400000,31,
1245,23.32,23.4,23.32,23.4,3100.0,23.3613,1608627600000,5,
1246,23.63,23.7,23.15,23.27,767070.0,23.3419,1608642000000,6889,
1247,23.26,23.34,22.99,23.06,1725726.0,23.1162,1608656400000,12748,
1248,23.06,23.06,23.06,23.06,311881.0,23.06,1608670800000,26,
1249,22.98,22.98,22.98,22.98,600.0,22.98,1608714000000,2,
1250,22.93,23.68,22.93,23.63,1161937.0,23.4423,1608728400000,7004,
1251,23.625,23.7,23.51,23.51,1262837.0,23.5994,1608742800000,10317,
1252,23.52,23.52,23.52,23.52,120883.0,23.5201,1608757200000,32,
1253,23.61,23.61,23.27,23.44,601441.0,23.4231,1608814800000,5196,
1254,23.43,23.52,23.385,23.52,180990.0,23.461,1608829200000,2048,
1255,23.59,23.62,23.51,23.51,1743.0,23.5568,1609146000000,5,
1256,23.66,24.0959,23.5654,23.865,1103426.0,23.9167,1609160400000,8010,
1257,23.86,23.93,23.77,23.79,722039.0,23.839,1609174800000,6923,
1258,23.79,23.79,23.79,23.79,147925.0,23.8093,1609189200000,28,
1259,23.81,23.93,23.635,23.8,521401.0,23.736,1609246800000,5808,
1260,23.81,23.82,23.545,23.68,1039297.0,23.6592,1609261200000,10494,
1261,23.68,23.68,23.68,23.68,42015.0,23.68,1609275600000,29,
1262,23.73,23.76,23.71,23.71,1800.0,23.725,1609318800000,5,
1263,23.72,23.9,23.5,23.505,569416.0,23.6919,1609333200000,5491,
1264,23.5,23.575,23.42,23.46,965032.0,23.4789,1609347600000,9304,
1265,23.46,23.46,23.46,23.46,34469.0,23.46,1609362000000,20,
1266,23.39,23.39,23.35,23.35,1700.0,23.3665,1609405200000,5,
1267,23.54,23.6,23.31,23.55,454670.0,23.5016,1609419600000,3439,
1268,23.55,23.58,23.37,23.51,1170165.0,23.4826,1609434000000,9808,
1269,23.52,23.52,23.52,23.52,48502.0,23.52,1609448400000,25,
1270,23.59,23.62,23.58,23.62,1600.0,23.5981,1609750800000,7,
1271,23.0,23.621,23.0,23.19,1079481.0,23.3213,1609765200000,9902,
1272,23.19,23.43,23.045,23.15,1640440.0,23.1744,1609779600000,16102,
1273,23.14,23.14,23.14,23.14,115306.0,23.1597,1609794000000,41,
1274,23.18,23.18,23.18,23.18,100.0,23.18,1609837200000,1,
1275,22.9,23.43,22.9,23.24,791270.0,23.2139,1609851600000,7270,
1276,23.245,23.53,23.23,23.26,1665176.0,23.3551,1609866000000,14767,
1277,23.26,23.26,23.26,23.26,142581.0,23.26,1609880400000,42,
1278,23.28,23.28,23.28,23.28,100.0,23.28,1609923600000,1,
1279,23.82,24.955,23.82,24.955,1793699.0,24.528,1609938000000,14897,
1280,24.96,25.19,24.84,25.05,3043229.0,25.0037,1609952400000,24207,
1281,25.05,25.05,25.05,25.05,60259.0,25.0491,1609966800000,29,
1282,25.16,25.23,24.67,24.71,1720206.0,25.0033,1610024400000,14425,
1283,24.71,24.72,24.405,24.46,2083626.0,24.5459,1610038800000,18335,
1284,24.46,24.46,24.46,24.46,208070.0,24.46,1610053200000,35,
1285,24.45,24.51,24.39,24.39,2400.0,24.4425,1610096400000,6,
1286,24.42,24.675,24.375,24.5,1321475.0,24.5243,1610110800000,9986,
1287,24.51,24.595,24.15,24.34,2074996.0,24.355,1610125200000,14762,
1288,24.34,24.34,24.34,24.34,45796.0,24.34,1610139600000,43,
1289,24.1,24.469,23.98,24.33,548488.0,24.296,1610370000000,5450,
1290,24.325,24.48,24.28,24.42,1534770.0,24.3642,1610384400000,12986,
1291,24.42,24.42,24.42,24.42,325609.0,24.42,1610398800000,32,
1292,24.43,24.7,24.36,24.505,938281.0,24.5455,1610456400000,8569,
1293,24.505,24.61,24.25,24.55,1868156.0,24.4389,1610470800000,17656,
1294,24.55,24.55,24.55,24.55,55349.0,24.5501,1610485200000,29,
1295,24.44,24.82,24.27,24.31,679096.0,24.5622,1610542800000,6365,
1296,24.305,24.65,24.26,24.42,1493220.0,24.4729,1610557200000,13661,
1297,24.44,24.44,24.44,24.44,229291.0,24.44,1610571600000,33,
1298,24.45,24.81,24.41,24.755,661823.0,24.661,1610629200000,5476,
1299,24.75,25.135,24.75,24.93,1594796.0,24.9815,1610643600000,13781,
1300,24.93,24.93,24.93,24.93,832738.0,24.93,1610658000000,35,
1301,24.84,25.0,24.38,24.675,992056.0,24.6567,1610715600000,8272,
1302,24.67,24.97,24.635,24.94,1507094.0,24.8527,1610730000000,12149,
1303,24.94,24.94,24.94,24.94,63025.0,24.94,1610744400000,32,
1304,25.05,25.2,25.04,25.08,8687.0,25.1223,1611046800000,53,
1305,25.1,25.14,24.67,24.735,928378.0,24.8184,1611061200000,8087,
1306,24.73,24.99,24.715,24.925,2254186.0,24.862,1611075600000,14762,
1307,24.93,24.93,24.93,24.93,36773.0,24.93,1611090000000,46,
1308,24.94,25.07,24.47,24.54,1109079.0,24.6565,1611147600000,8049,
1309,24.545,24.71,24.365,24.68,1532747.0,24.5581,1611162000000,11396,
1310,24.68,24.68,24.68,24.68,65519.0,24.6736,1611176400000,37,
1311,24.64,25.115,24.54,25.075,1321443.0,24.8731,1611234000000,8303,
1312,25.08,25.09,24.68,24.68,1375071.0,24.8002,1611248400000,11487,
1313,24.68,24.68,24.68,24.68,32275.0,24.68,1611262800000,41,
1314,24.45,24.58,24.44,24.49,6500.0,24.5085,1611306000000,45,
1315,24.53,24.59,24.18,24.33,702750.0,24.3316,1611320400000,6823,
1316,24.33,24.64,24.305,24.58,1366995.0,24.5058,1611334800000,11930,
1317,24.58,24.58,24.58,24.58,42449.0,24.58,1611349200000,35,
1318,24.77,24.85,24.65,24.76,4800.0,24.7394,1611565200000,30,
1319,24.58,24.85,24.26,24.48,1070971.0,24.5742,1611579600000,9327,
1320,24.49,24.72,24.39,24.65,1338335.0,24.5919,1611594000000,13500,
1321,24.66,24.66,24.66,24.66,48118.0,24.66,1611608400000,39,
1322,24.87,25.26,24.745,24.785,908756.0,25.0345,1611666000000,7878,
1323,24.79,25.31,24.75,25.21,1670315.0,25.0635,1611680400000,14437,
1324,25.21,25.21,25.21,25.21,22684.0,25.21,1611694800000,39,
1325,24.71,25.57,24.69,24.75,1706565.0,25.0891,1611752400000,15600,
1326,24.75,24.85,24.485,24.69,2308286.0,24.6766,1611766800000,21601,
1327,24.68,24.68,24.41,24.41,24875.0,24.6783,1611781200000,29,
1328,24.6,25.135,24.56,24.935,1457990.0,24.9018,1611838800000,13977,
1329,24.94,25.05,24.56,24.61,2250313.0,24.7434,1611853200000,18924,
1330,24.62,24.62,24.62,24.62,43979.0,24.62,1611867600000,34,
1331,24.5,24.71,24.39,24.59,1035558.0,24.5555,1611925200000,9564,
1332,24.58,24.6,23.89,24.08,2927495.0,24.1145,1611939600000,23930,
1333,24.07,24.1,24.07,24.1,443913.0,24.07,1611954000000,50,
1334,24.32,24.43,23.99,24.38,750883.0,24.1747,1612184400000,7730,
1335,24.385,24.875,24.33,24.82,1882578.0,24.6601,1612198800000,14529,
1336,24.82,24.82,24.82,24.82,46521.0,24.82,1612213200000,25,
1337,24.89,24.95,24.87,24.87,1900.0,24.891,1612256400000,10,
1338,25.12,25.36,24.82,25.255,1234387.0,25.1837,1612270800000,10477,
1339,25.255,25.32,25.075,25.15,1930190.0,25.1749,1612285200000,16495,
1340,25.15,25.15,25.15,25.15,127132.0,25.15,1612299600000,34,
1341,25.19,25.72,25.015,25.4,1524362.0,25.461,1612357200000,12112,
1342,25.41,25.575,25.31,25.47,1225251.0,25.4753,1612371600000,12398,
1343,25.47,25.47,25.47,25.47,67312.0,25.47,1612386000000,38,
1344,25.41,25.95,25.38,25.76,1336272.0,25.7497,1612443600000,10360,
1345,25.76,25.9,25.55,25.82,1872676.0,25.7195,1612458000000,16495,
1346,25.81,25.81,25.81,25.81,28344.0,25.8096,1612472400000,36,
1347,25.78,26.58,25.77,26.18,1371822.0,26.3285,1612530000000,13695,
1348,26.19,26.395,25.97,25.97,3054274.0,26.1783,1612544400000,26350,
1349,25.98,25.98,25.98,25.98,65904.0,25.98,1612558800000,27,
1350,26.0,26.54,25.97,26.36,2253045.0,26.2612,1612789200000,16008,
1351,26.35,26.65,26.315,26.61,1927453.0,26.4916,1612803600000,15662,
1352,26.61,26.61,26.61,26.61,82432.0,26.5923,1612818000000,36,
1353,26.46,26.535,26.005,26.365,1385189.0,26.229,1612875600000,11295,
1354,26.365,26.53,26.225,26.31,3493234.0,26.3686,1612890000000,23839,
1355,26.29,26.29,26.29,26.29,158959.0,26.29,1612904400000,46,
1356,27.05,27.05,27.05,27.05,475.0,27.05,1612947600000,2,
1357,25.99,26.3021,23.962,24.19,4151335.0,24.4988,1612962000000,26058,
1358,24.19,24.91,24.12,24.54,4314087.0,24.5377,1612976400000,32583,
1359,24.55,24.55,24.55,24.55,64546.0,24.5469,1612990800000,35,
1360,24.57,24.57,24.57,24.57,100.0,24.57,1613034000000,1,
1361,24.55,24.57,24.15,24.385,1558254.0,24.3419,1613048400000,14207,
1362,24.385,24.53,24.23,24.49,2176814.0,24.395,1613062800000,18764,
1363,24.48,24.48,24.48,24.48,32475.0,24.48,1613077200000,37,
1364,24.28,24.28,24.2,24.2,1000.0,24.2181,1613120400000,6,
1365,24.42,24.67,24.36,24.55,721245.0,24.5387,1613134800000,6558,
1366,24.559,24.67,24.4,24.62,1069568.0,24.5416,1613149200000,10109,
1367,24.63,24.63,24.63,24.63,26523.0,24.63,1613163600000,29,
1368,24.63,24.79,24.32,24.52,782168.0,24.5575,1613480400000,7372,
1369,24.51,24.915,24.495,24.88,1544904.0,24.7471,1613494800000,12682,
1370,24.87,24.93,24.41,24.93,31170.0,24.8482,1613509200000,37,
1371,24.72,25.105,24.5,24.955,782420.0,24.8761,1613566800000,7621,
1372,24.955,25.29,24.95,25.16,1387919.0,25.1499,1613581200000,13565,
1373,25.16,25.16,25.16,25.16,57549.0,25.1476,1613595600000,27,
1374,25.12,25.12,25.12,25.12,143.0,25.12,1613638800000,1,
1375,25.0,25.19,24.64,24.755,1174458.0,24.8698,1613653200000,9542,
1376,24.755,24.95,24.705,24.81,2320486.0,24.8302,1613667600000,14625,
1377,24.81,24.81,24.81,24.81,127705.0,24.81,1613682000000,22,
1378,24.81,24.92,24.81,24.92,604.0,24.8289,1613725200000,3,
1379,25.03,25.47,24.97,25.305,1333399.0,25.2078,1613739600000,9264,
1380,25.3,25.63,25.22,25.58,2007225.0,25.4703,1613754000000,14958,
1381,25.56,25.56,25.43,25.43,202012.0,25.5596,1613768400000,35,
1382,25.58,25.58,25.34,25.34,489.0,25.4749,1613984400000,7,
1383,25.52,26.54,25.52,26.54,1031650.0,26.0941,1613998800000,9386,
1384,26.54,26.68,26.405,26.5,1860673.0,26.5309,1614013200000,15149,
1385,26.49,26.49,26.49,26.49,236957.0,26.49,1614027600000,33,
1386,27.4956,27.4956,26.02,26.26,1153441.0,26.3529,1614085200000,10353,
1387,26.25,26.7,26.125,26.57,2321183.0,26.5231,1614099600000,16935,
1388,26.58,26.58,25.87,25.87,23213.0,26.5648,1614114000000,19,
1389,26.7,26.755,26.245,26.755,1678256.0,26.5293,1614171600000,14600,
1390,26.76,27.07,26.75,26.99,2426527.0,26.9089,1614186000000,20688,
1391,27.0,27.2,27.0,27.2,188997.0,27.0004,1614200400000,47,
1392,27.2,27.2,27.01,27.01,534.0,27.1288,1614243600000,5,
1393,26.95,27.05,26.58,26.6,1051607.0,26.874,1614258000000,8076,
1394,26.59,26.6,25.97,26.08,1863541.0,26.2605,1614272400000,16947,
1395,26.08,27.0,26.08,27.0,37957.0,26.0972,1614286800000,38,
1396,25.92,26.29,25.55,26.285,1409782.0,25.9436,1614344400000,13426,
1397,26.29,26.465,26.09,26.12,2827390.0,26.2846,1614358800000,24358,
1398,26.12,26.12,26.12,26.12,158922.0,26.12,1614373200000,60,
1399,26.38,26.38,26.35,26.35,1200.0,26.3675,1614589200000,7,
1400,26.29,27.28,26.27,26.875,1509100.0,26.9606,1614603600000,12396,
1401,26.88,26.935,26.665,26.79,2194612.0,26.7796,1614618000000,19881,
1402,26.79,26.79,26.79,26.79,99729.0,26.79,1614632400000,32,
1403,26.51,26.9,26.51,26.76,1409527.0,26.7542,1614690000000,11693,
1404,26.76,27.03,26.73,26.96,1803586.0,26.9335,1614704400000,15751,
1405,26.96,26.96,26.96,26.96,80840.0,26.96,1614718800000,29,
1406,27.1,27.56,27.0,27.325,1830445.0,27.3525,1614776400000,11909,
1407,27.325,27.525,27.22,27.29,2929534.0,27.3877,1614790800000,17366,
1408,27.28,27.3753,27.28,27.3753,201244.0,27.2886,1614805200000,24,
1409,27.3,27.3,27.3,27.3,334.0,27.3,1614848400000,2,
1410,27.28,27.8,27.18,27.475,2363356.0,27.5178,1614862800000,20619,
1411,27.48,27.545,26.52,26.95,2939297.0,27.0026,1614877200000,28932,
1412,26.95,26.95,26.95,26.95,65799.0,26.95,1614891600000,36,
1413,26.87,26.94,26.85,26.94,2786.0,26.8758,1614934800000,17,
1414,27.31,27.39,26.73,27.2,1452028.0,27.0291,1614949200000,14990,
1415,27.2,28.055,27.1,27.88,2050060.0,27.7158,1614963600000,21274,
1416,27.88,27.88,27.88,27.88,88174.0,27.88,1614978000000,40,
1417,27.75,27.75,27.74,27.74,846.0,27.7439,1615194000000,5,
1418,27.8,28.575,27.8,28.455,1043750.0,28.3684,1615208400000,10003,
1419,28.44,28.81,28.44,28.54,2001000.0,28.6584,1615222800000,19355,
1420,28.52,28.54,28.52,28.54,41055.0,28.5393,1615237200000,45,
1421,28.72,28.73,28.21,28.7,1285303.0,28.52,1615294800000,11257,
1422,28.7,28.78,28.49,28.49,2173036.0,28.641,1615309200000,19418,
1423,28.5,28.5,28.5,28.5,74553.0,28.5,1615323600000,43,
1424,28.66,29.04,28.49,28.98,1450005.0,28.8339,1615381200000,13916,
1425,28.99,29.435,28.925,29.18,2051874.0,29.184,1615395600000,21123,
1426,29.18,29.18,29.18,29.18,119291.0,29.18,1615410000000,34,
1427,29.29,29.45,29.29,29.44,3700.0,29.3747,1615453200000,18,
1428,29.09,29.65,28.98,29.46,820760.0,29.3735,1615467600000,7913,
1429,29.4698,29.57,29.24,29.29,1361165.0,29.3707,1615482000000,13803,
1430,29.29,29.29,29.29,29.29,40671.0,29.29,1615496400000,35,
1431,29.43,29.8,29.39,29.6,843709.0,29.6334,1615554000000,9038,
1432,29.6,29.72,29.46,29.605,1489884.0,29.6027,1615568400000,15125,
1433,29.61,29.61,29.61,29.61,170537.0,29.61,1615582800000,27,
1434,29.61,29.74,29.175,29.28,1731262.0,29.4019,1615813200000,15967,
1435,29.28,29.29,29.0,29.26,2113045.0,29.1292,1615827600000,17686,
1436,29.26,29.3,28.72,29.11,1450606.0,28.9967,1615899600000,15146,
1437,29.1,29.33,29.035,29.28,1995401.0,29.2044,1615914000000,18182,
1438,29.0,29.28,29.0,29.28,7118.0,29.2754,1615971600000,5,
1439,29.2932,29.845,29.015,29.76,2410765.0,29.4881,1615986000000,17666,
1440,29.76,29.985,29.51,29.93,2738289.0,29.8242,1616000400000,20714,
1441,29.9,29.9,29.9,29.9,1001.0,29.9,1616058000000,2,
1442,29.78,30.425,29.78,30.01,1979643.0,30.1739,1616072400000,16446,
1443,30.005,30.25,29.64,29.67,1752250.0,29.9274,1616086800000,15705,
1444,29.3,29.3,29.3,29.3,525.0,29.3,1616144400000,2,
1445,29.49,29.95,29.16,29.86,2150756.0,29.6593,1616158800000,15890,
1446,29.86,30.07,29.58,29.59,3177017.0,29.7993,1616173200000,20395,
1447,29.59,29.59,29.59,29.59,100.0,29.59,1616403600000,1,
1448,29.63,29.64,29.05,29.09,1163098.0,29.2783,1616418000000,11828,
1449,29.095,29.36,29.08,29.27,1731997.0,29.2345,1616432400000,12618,
1450,28.82,28.96,28.34,28.485,1532610.0,28.581,1616504400000,13672,
1451,28.49,28.52,28.045,28.24,1811671.0,28.2211,1616518800000,15099,
1452,28.45,28.69,28.265,28.485,1269399.0,28.4583,1616590800000,14137,
1453,28.485,28.515,27.83,27.83,1931818.0,28.1303,1616605200000,20195,
1454,27.83,27.83,27.75,27.75,730.0,27.7996,1616619600000,8,
1455,27.75,28.53,27.56,28.46,1717051.0,27.9907,1616677200000,17153,
1456,28.46,28.7,28.21,28.53,2094292.0,28.492,1616691600000,16387,
1457,28.57,28.57,28.5,28.5,1000.0,28.507,1616749200000,2,
1458,28.74,28.88,28.22,28.53,2060851.0,28.4791,1616763600000,19119,
1459,28.53,28.665,28.16,28.44,3735331.0,28.3669,1616778000000,34328,
1460,28.37,28.96,27.885,28.46,2273806.0,28.3643,1617022800000,19324,
1461,28.46,28.6599,28.25,28.36,1735627.0,28.4398,1617037200000,15449,
1462,28.58,29.03,28.41,28.84,1596542.0,28.7747,1617109200000,14090,
1463,28.84,29.61,28.77,29.42,3871826.0,29.213,1617123600000,30536,
1464,29.21,29.44,28.8099,29.145,1829817.0,29.0403,1617195600000,16962,
1465,29.15,29.57,29.12,29.2,2611331.0,29.3428,1617210000000,20859,
1466,29.2,29.26,28.835,29.2,1252885.0,29.046,1617282000000,11903,
1467,29.195,29.35,29.11,29.35,1305895.0,29.2257,1617296400000,11017,
1468,29.5,29.6599,29.21,29.455,930479.0,29.4592,1617627600000,10176,
1469,29.45,29.586,29.41,29.48,1267661.0,29.5073,1617642000000,11244,
1470,29.47,29.74,29.31,29.56,1611940.0,29.5558,1617714000000,15121,
1471,29.555,29.63,29.435,29.59,1244673.0,29.5382,1617728400000,10645,
1472,29.2,29.2,29.2,29.2,400.0,29.2,1617742800000,1,
1473,29.78,29.87,29.225,29.34,1177006.0,29.3942,1617800400000,10879,
1474,29.34,29.55,29.33,29.52,1312350.0,29.4563,1617814800000,12018,
1475,29.45,29.58,29.1,29.445,1425154.0,29.3074,1617886800000,11280,
1476,29.45,29.55,29.31,29.55,1683234.0,29.4153,1617901200000,13596,
1477,29.45,29.64,29.18,29.335,1104469.0,29.332,1617973200000,9110,
1478,29.335,29.41,29.21,29.4,1200959.0,29.3134,1617987600000,10000,
1479,29.5,29.79,29.38,29.745,1018057.0,29.5934,1618232400000,9438,
1480,29.74,30.115,29.6,29.99,3438893.0,29.8852,1618246800000,23502,
1481,29.83,30.025,29.45,29.775,2238837.0,29.7948,1618318800000,17872,
1482,29.78,29.845,29.51,29.54,1806729.0,29.6636,1618333200000,15422,
1483,29.62,30.29,29.45,30.03,3035019.0,30.0498,1618405200000,18365,
1484,30.025,30.03,29.695,29.92,1932074.0,29.8914,1618419600000,16692,
1485,30.02,30.02,30.01,30.0101,550.0,30.0137,1618477200000,4,
1486,30.0,30.825,29.92,30.62,2759690.0,30.543,1618491600000,21129,
1487,30.615,30.66,30.29,30.43,2192407.0,30.4227,1618506000000,15109,
1488,30.2,30.2,30.2,30.2,216.0,30.1463,1618563600000,4,
1489,30.65,30.74,30.275,30.365,1676777.0,30.5321,1618578000000,13483,
1490,30.36,30.66,30.295,30.6,1106778.0,30.5451,1618592400000,10315,
1491,30.5,30.5,30.5,30.5,500.0,30.5,1618822800000,1,
1492,30.35,30.58,30.15,30.38,1447678.0,30.4159,1618837200000,13799,
1493,30.37,30.54,30.25,30.44,1545441.0,30.407,1618851600000,12620,
1494,30.4,30.57,29.825,30.005,1640050.0,30.0514,1618923600000,14068,
1495,30.005,30.14,29.905,30.01,2714314.0,30.0029,1618938000000,17331,
1496,29.77,29.83,29.77,29.83,200.0,29.8,1618995600000,2,
1497,29.85,30.46,29.735,30.35,1749510.0,30.2181,1619010000000,15322,
1498,30.345,30.71,30.34,30.69,1483803.0,30.5881,1619024400000,13195,
1499,30.53,30.53,30.53,30.53,100.0,30.53,1619082000000,1,
1500,30.1,30.37,29.63,29.88,1533058.0,29.8755,1619096400000,13573,
1501,29.88,29.9,29.505,29.63,2682075.0,29.6305,1619110800000,17125,
1502,29.8,29.98,29.62,29.75,1131494.0,29.8207,1619182800000,11392,
1503,29.75,29.855,29.605,29.72,2411593.0,29.7221,1619197200000,17647,
1504,29.75,29.75,29.74,29.74,302.0,29.7456,1619427600000,5,
1505,29.73,30.05,29.67,29.775,1139911.0,29.8218,1619442000000,10323,
1506,29.78,29.78,29.545,29.72,1303267.0,29.6938,1619456400000,10845,
1507,29.52,29.52,29.46,29.52,400.0,29.5,1619514000000,4,
1508,29.64,29.97,29.38,29.86,1603103.0,29.7757,1619528400000,16624,
1509,29.86,30.02,29.81,29.84,2294772.0,29.9125,1619542800000,19629,
1510,29.84,29.84,29.84,29.84,6035.0,29.84,1619557200000,1,
1511,30.35,30.75,30.11,30.75,1369.0,30.6371,1619600400000,12,
1512,31.0,31.29,30.32,31.125,2679904.0,31.0416,1619614800000,21208,
1513,31.115,31.46,30.95,31.13,3220102.0,31.1687,1619629200000,22311,
1514,31.5,31.54,31.5,31.54,300.0,31.5267,1619686800000,3,
1515,31.54,31.905,31.34,31.685,2008463.0,31.5621,1619701200000,17731,
1516,31.69,32.05,31.575,32.04,2243642.0,31.8638,1619715600000,17950,
1517,28.8,28.8,28.8,28.8,100.0,28.8,1619773200000,1,
1518,31.93,31.93,31.55,31.7,1864628.0,31.6726,1619787600000,14988,
1519,31.69,31.85,31.595,31.7495,2130245.0,31.7326,1619802000000,17954,
1520,32.07,32.425,31.85,32.34,1538801.0,32.1093,1620046800000,14349,
1521,32.34,32.4,32.06,32.15,1904579.0,32.195,1620061200000,14217,
1522,32.02,32.45,31.84,32.38,1596488.0,32.1631,1620133200000,14902,
1523,32.37,33.0,32.35,32.73,1711355.0,32.4954,1620147600000,16150,
1524,32.75,32.75,32.11,32.475,1072963.0,32.3614,1620219600000,10252,
1525,32.48,32.95,32.475,32.71,1596565.0,32.6662,1620234000000,12461,
1526,32.29,32.32,32.29,32.32,3300.0,32.3191,1620291600000,3,
1527,32.79,32.93,32.315,32.555,885797.0,32.5275,1620306000000,8905,
1528,32.56,33.02,32.515,33.02,1214410.0,32.7625,1620320400000,11227,
1529,32.65,33.17,32.6,33.15,1073456.0,33.0183,1620392400000,10041,
1530,33.15,33.5,33.145,33.47,1243270.0,33.3941,1620406800000,11743,
1531,33.2,33.37,33.2,33.36,4201.0,33.2627,1620637200000,12,
1532,33.48,33.71,33.41,33.445,1715216.0,33.5442,1620651600000,16300,
1533,33.45,33.45,32.49,32.57,2442453.0,32.9553,1620666000000,19335,
1534,32.57,32.57,32.53,32.57,638.0,32.5556,1620723600000,7,
1535,32.48,33.03,32.115,32.165,1834614.0,32.4981,1620738000000,16873,
1536,32.16,32.465,31.88,31.88,1243618.0,32.3439,1620752400000,12695,
1537,31.95,32.4073,31.95,32.4073,3077.0,32.0789,1620810000000,4,
1538,32.29,32.5,31.89,31.94,993923.0,32.1534,1620824400000,11123,
1539,31.94,32.05,31.47,31.53,1402959.0,31.6411,1620838800000,11954,
1540,31.28,31.3,31.28,31.3,3420.0,31.2972,1620896400000,4,
1541,31.68,32.36,31.57,32.14,1197726.0,32.1717,1620910800000,12367,
1542,32.135,32.4,31.89,32.33,1653696.0,32.2486,1620925200000,14456,
1543,32.33,32.33,32.3,32.3,500.0,32.306,1620939600000,5,
1544,32.52,32.63,32.31,32.485,1256336.0,32.4598,1620997200000,11219,
1545,32.48,32.57,32.45,32.52,1624664.0,32.5127,1621011600000,14471,
1546,32.51,32.51,32.51,32.51,100.0,32.51,1621026000000,1,
1547,31.76,31.76,31.76,31.76,140.0,31.6714,1621242000000,2,
1548,32.59,32.705,32.36,32.565,891890.0,32.5431,1621256400000,10612,
1549,32.575,32.66,32.495,32.57,937259.0,32.5702,1621270800000,10311,
1550,32.81,32.81,32.81,32.81,300.0,32.7437,1621285200000,3,
1551,32.73,33.025,32.56,32.78,1571829.0,32.8699,1621342800000,14937,
1552,32.78,32.88,32.33,32.33,1287211.0,32.7166,1621357200000,11854,
1553,32.25,32.25,31.97,32.0,470.0,32.0506,1621414800000,5,
1554,32.12,32.42,31.6,32.165,1512807.0,31.9985,1621429200000,13965,
1555,32.165,33.29,31.88,32.22,2923763.0,32.369,1621443600000,17232,
1556,31.78,32.03,31.78,32.03,4101.0,32.0174,1621501200000,6,
1557,32.71,32.965,32.495,32.82,1709009.0,32.7348,1621515600000,12169,
1558,32.82,33.13,32.81,33.02,1390123.0,32.998,1621530000000,11869,
1559,33.02,33.02,33.02,33.02,100.0,33.02,1621544400000,1,
1560,32.8,32.85,32.8,32.85,3800.0,32.8487,1621587600000,3,
1561,33.09,33.63,33.06,33.25,1392234.0,33.4283,1621602000000,13812,
1562,33.255,33.41,33.19,33.22,1451090.0,33.293,1621616400000,13143,
1563,33.38,33.535,33.13,33.42,1270301.0,33.3707,1621861200000,11542,
1564,33.42,33.605,33.29,33.33,1391433.0,33.4292,1621875600000,11370,
1565,33.65,33.65,33.65,33.65,100.0,33.65,1621890000000,1,
1566,32.92,33.09,32.92,33.09,4000.0,33.0818,1621933200000,5,
1567,33.53,33.76,33.035,33.155,1448481.0,33.2825,1621947600000,14463,
1568,33.155,33.16,32.29,32.72,1991519.0,32.8738,1621962000000,19451,
1569,32.77,32.77,32.5,32.5,35989.0,32.7677,1621976400000,4,
1570,32.94,33.22,32.83,33.015,1554055.0,33.037,1622034000000,12555,
1571,33.012,33.17,32.975,33.16,2053984.0,33.0728,1622048400000,14266,
1572,32.67,32.67,32.67,32.67,100.0,32.67,1622062800000,1,
1573,32.78,32.78,32.78,32.78,4900.0,32.78,1622106000000,2,
1574,33.45,33.655,33.3,33.59,1727947.0,33.4953,1622120400000,16570,
1575,33.58,33.65,33.22,33.33,3829140.0,33.3965,1622134800000,17356,
1576,33.33,33.5,32.98,33.425,1613737.0,33.3124,1622206800000,12595,
1577,33.425,33.7,33.37,33.69,2153572.0,33.5967,1622221200000,15240,
1578,33.77,33.98,33.43,33.98,1973.0,33.6338,1622538000000,22,
1579,34.19,34.41,33.715,33.82,1936594.0,33.9489,1622552400000,17039,
1580,33.83,34.04,33.75,33.99,1462073.0,33.9099,1622566800000,14171,
1581,34.02,34.07,33.64,33.79,1928912.0,33.7653,1622638800000,13073,
1582,33.795,33.95,33.715,33.93,1386951.0,33.8426,1622653200000,11429,
1583,33.51,33.55,33.51,33.55,7426.0,33.5497,1622667600000,4,
1584,33.88,33.88,33.82,33.82,5200.0,33.8212,1622710800000,2,
1585,33.73,33.84,33.48,33.815,1715898.0,33.6503,1622725200000,14177,
1586,33.815,34.05,33.77,34.01,2173023.0,33.931,1622739600000,12929,
1587,33.8,34.01,33.28,33.555,1487763.0,33.5883,1622811600000,14288,
1588,33.555,33.85,33.555,33.74,1107343.0,33.7451,1622826000000,10697,
1589,33.46,33.46,33.36,33.39,7830.0,33.3905,1622840400000,4,
1590,33.7,33.87,33.7,33.8,4900.0,33.79,1623056400000,5,
1591,33.9,33.91,33.31,33.355,1104667.0,33.5424,1623070800000,10496,
1592,33.355,33.44,33.26,33.44,1253977.0,33.3725,1623085200000,10993,
1593,33.4,33.4,33.4,33.4,300.0,33.4,1623142800000,1,
1594,33.43,33.57,32.94,33.57,1217694.0,33.2799,1623157200000,11533,
1595,33.565,33.61,33.32,33.57,1164847.0,33.5275,1623171600000,10463,
1596,32.98,33.51,32.98,33.46,2700.0,33.3783,1623186000000,21,
1597,33.06,33.06,33.06,33.06,4701.0,33.06,1623229200000,3,
1598,33.57,33.57,33.32,33.36,750097.0,33.432,1623243600000,6603,
1599,33.37,33.6,33.33,33.52,1614053.0,33.4991,1623258000000,9928,
1600,33.68,33.96,33.36,33.695,2122865.0,33.5108,1623330000000,11449,
1601,33.695,33.77,33.45,33.56,2035930.0,33.5884,1623344400000,11767,
1602,33.56,33.56,33.56,33.56,197.0,33.56,1623402000000,1,
1603,33.68,34.27,33.64,34.265,1906128.0,34.0658,1623416400000,11505,
1604,34.265,34.355,33.97,34.1,2667312.0,34.1247,1623430800000,13896,
1605,33.8,34.38,33.78,34.19,10500.0,34.3346,1623445200000,7,
1606,34.16,34.16,33.92,33.96,7000.0,33.9623,1623661200000,3,
1607,34.16,34.43,33.62,33.655,1888871.0,34.0084,1623675600000,13043,
1608,33.65,33.7425,33.475,33.63,1539865.0,33.6084,1623690000000,9077,
1609,33.63,33.8,33.4,33.485,1074710.0,33.5628,1623762000000,7798,
1610,33.485,33.8,33.48,33.74,1089932.0,33.7046,1623776400000,8161,
1611,34.08,34.08,33.75,33.75,597.0,33.9297,1623790800000,7,
1612,34.2,34.2,34.0,34.01,400.0,34.0875,1623834000000,4,
1613,33.64,33.73,33.12,33.465,844920.0,33.3815,1623848400000,8271,
1614,33.46,33.77,33.21,33.33,1187644.0,33.4871,1623862800000,12194,
1615,33.54,33.78,32.01,32.41,1615309.0,32.7214,1623934800000,15339,
1616,32.41,32.635,32.4,32.43,1596643.0,32.5232,1623949200000,13941,
1617,32.26,32.26,31.35,31.435,3947547.0,31.6208,1624021200000,21474,
1618,31.43,31.71,31.415,31.51,3156476.0,31.568,1624035600000,16520,
1619,31.35,31.75,31.35,31.56,7005.0,31.5275,1624266000000,8,
1620,31.77,32.3,31.77,32.2,1574358.0,32.1128,1624280400000,13044,
1621,32.21,32.42,32.18,32.39,944649.0,32.3175,1624294800000,9286,
1622,32.34,32.47,31.71,31.925,1590774.0,31.8976,1624366800000,13628,
1623,31.93,32.115,31.8,31.94,1251275.0,31.9569,1624381200000,11385,
1624,32.29,32.29,32.07,32.07,400.0,32.1675,1624395600000,3,
1625,31.9486,32.285,31.91,32.17,1201806.0,32.1093,1624453200000,10023,
1626,32.175,32.28,32.04,32.04,1178695.0,32.132,1624467600000,9581,
1627,31.8,31.8,31.8,31.8,10101.0,31.7997,1624525200000,5,
1628,32.3,32.63,32.07,32.535,1319911.0,32.4657,1624539600000,11056,
1629,32.54,32.65,32.43,32.55,1271084.0,32.5667,1624554000000,11342,
1630,32.6,32.99,32.53,32.785,788973.0,32.8078,1624626000000,7231,
1631,32.78,32.85,32.665,32.71,1222182.0,32.7275,1624640400000,9950,
1632,32.63,32.89,31.675,31.775,1189177.0,32.0004,1624885200000,11042,
1633,31.77,32.02,31.645,31.86,1754281.0,31.8658,1624899600000,13197,
1634,31.51,31.51,31.51,31.51,10634.0,31.511,1624957200000,6,
1635,31.86,32.2,31.845,31.88,1013918.0,32.0233,1624971600000,9272,
1636,31.88,31.96,31.68,31.78,1516042.0,31.7812,1624986000000,9948,
1637,31.78,31.78,31.78,31.78,324.0,31.78,1625043600000,2,
1638,31.68,32.11,31.64,32.08,588448.0,31.9057,1625058000000,6808,
1639,32.08,32.99,31.95,32.49,3337601.0,32.3696,1625072400000,16596,
1640,32.78,32.78,32.78,32.78,100.0,32.78,1625086800000,1,
1641,32.5,32.5,32.5,32.5,575.0,32.5,1625130000000,1,
1642,32.78,33.29,32.63,33.275,1208282.0,33.0503,1625144400000,11251,
1643,33.275,33.34,31.86,31.86,1334975.0,33.2394,1625158800000,11040,
1644,33.36,33.45,33.01,33.215,1053593.0,33.1413,1625230800000,10688,
1645,33.21,33.31,32.985,33.04,1631915.0,33.0953,1625245200000,14483,
1646,33.25,33.25,33.25,33.25,300.0,33.25,1625259600000,1,
1647,33.09,33.16,32.0,32.07,1452275.0,32.2843,1625576400000,12448,
1648,32.07,32.42,32.0601,32.42,1586479.0,32.333,1625590800000,11002,
1649,32.5,32.5,32.5,32.5,125.0,32.5,1625605200000,2,
1650,32.5,32.5,32.5,32.5,600.0,32.5,1625648400000,1,
1651,32.12,32.54,31.655,32.2,1680046.0,32.0227,1625662800000,13812,
1652,32.2,32.455,32.135,32.36,1371692.0,32.3347,1625677200000,11820,
1653,31.64,31.64,31.64,31.64,100.0,31.64,1625691600000,1,
1654,32.3,32.3,32.18,32.18,250.0,32.252,1625734800000,3,
1655,31.66,32.345,31.54,32.28,1899306.0,32.0117,1625749200000,17322,
1656,32.29,32.345,31.85,31.93,1833038.0,32.0564,1625763600000,13393,
1657,31.82,32.05,31.82,32.05,7455.0,32.0345,1625821200000,12,
1658,32.52,33.01,32.23,32.98,1086528.0,32.8351,1625835600000,10786,
1659,32.99,33.17,32.93,33.1,1111676.0,33.0751,1625850000000,9745,
1660,32.75,33.165,32.52,33.06,773304.0,32.955,1626094800000,8651,
1661,33.06,33.34,32.94,33.0,1446006.0,33.0654,1626109200000,13085,
1662,33.23,33.23,32.98,32.98,400.0,33.0975,1626123600000,3,
1663,33.21,33.21,33.19,33.19,9900.0,33.2098,1626166800000,3,
1664,32.77,32.93,32.47,32.625,901912.0,32.646,1626181200000,12188,
1665,32.63,32.665,32.34,32.36,1174911.0,32.4649,1626195600000,11959,
1666,32.3685,33.02,32.3685,32.675,1479883.0,32.7206,1626267600000,13679,
1667,32.67,32.7,32.415,32.49,1748861.0,32.5504,1626282000000,12235,
1668,32.75,32.75,32.45,32.45,12000.0,32.6983,1626296400000,3,
1669,32.05,32.49,32.05,32.49,10900.0,32.1335,1626339600000,5,
1670,32.16,32.6,32.09,32.365,1088618.0,32.4085,1626354000000,10406,
1671,32.365,32.38,32.04,32.06,1846577.0,32.1174,1626368400000,12571,
1672,32.18,32.3,31.755,31.79,964784.0,31.954,1626440400000,9640,
1673,31.79,31.79,31.375,31.55,1759552.0,31.5124,1626454800000,14055,
1674,31.0,31.0,31.0,31.0,200.0,31.0111,1626685200000,7,
1675,30.97,31.22,30.57,30.7,2296774.0,30.8092,1626699600000,18974,
1676,30.7,31.05,30.455,30.87,4193118.0,30.6832,1626714000000,25969,
1677,30.8,31.2,30.8,31.2,13618.0,30.9773,1626771600000,13,
1678,31.2,31.51,30.45,31.45,3557506.0,31.1307,1626786000000,27049,
1679,31.45,31.49,31.055,31.27,3637493.0,31.2664,1626800400000,26778,
1680,32.0,32.5,32.0,32.25,1915.0,32.2923,1626858000000,16,
1681,32.43,35.64,32.43,35.12,9557929.0,34.8038,1626872400000,60649,
1682,35.12,35.3,34.79,34.9,4407238.0,34.9901,1626886800000,30993,
1683,34.9,35.12,34.9,35.12,751.0,35.0533,1626901200000,5,
1684,35.05,35.05,35.05,35.05,500.0,35.05,1626944400000,1,
1685,34.81,35.5,33.9,34.18,2921380.0,34.301,1626958800000,24783,
1686,34.18,34.38,33.97,34.23,2489533.0,34.1692,1626973200000,18980,
1687,34.13,34.13,34.13,34.13,100.0,34.13,1626987600000,1,
1688,33.95,33.95,33.95,33.95,8800.0,33.95,1627030800000,2,
1689,34.38,35.08,34.21,34.98,3541868.0,34.8008,1627045200000,24914,
1690,34.985,35.32,34.93,35.29,2868475.0,35.1763,1627059600000,23088,
1691,35.26,35.48,35.26,35.32,851.0,35.3563,1627290000000,11,
1692,35.35,35.95,34.32,35.03,1822178.0,35.2946,1627304400000,17270,
1693,35.035,35.65,35.01,35.63,2628980.0,35.4597,1627318800000,17611,
1694,35.6,35.6,35.6,35.6,150.0,35.6,1627333200000,1,
1695,35.68,35.68,35.38,35.42,300.0,35.4933,1627376400000,3,
1696,35.27,35.74,34.91,35.14,2155883.0,35.3359,1627390800000,18723,
1697,35.14,35.405,35.13,35.34,1623575.0,35.2905,1627405200000,12197,
1698,35.47,35.47,35.47,35.47,100.0,35.47,1627419600000,1,
1699,35.25,35.25,35.25,35.25,100.0,35.25,1627462800000,1,
1700,35.3476,35.53,34.8,35.44,1841196.0,35.2617,1627477200000,17686,
1701,35.44,35.52,35.15,35.19,2323876.0,35.3099,1627491600000,19969,
1702,35.55,35.675,35.24,35.43,2598021.0,35.4267,1627563600000,18679,
1703,35.435,35.455,34.9,34.94,2477662.0,35.112,1627578000000,18104,
1704,34.84,35.14,34.58,34.58,10195.0,34.8121,1627635600000,23,
1705,34.82,35.43,34.81,34.88,1579329.0,35.0803,1627650000000,13338,
1706,34.875,35.41,34.875,35.36,2518410.0,35.2305,1627664400000,17050,
1707,35.0763,35.0763,35.0763,35.0763,63945.0,35.0763,1627678800000,5,
1708,35.26,36.26,35.26,35.8,1962214.0,35.9263,1627909200000,19026,
1709,35.8,35.85,35.52,35.55,1312615.0,35.6496,1627923600000,13855,
1710,35.31,35.31,35.31,35.31,100.0,35.31,1627938000000,1,
1711,36.0,36.0,35.57,35.57,2256.0,35.7367,1627981200000,9,
1712,35.6,35.93,34.98,35.84,1504887.0,35.523,1627995600000,16733,
1713,35.835,36.175,35.8,36.03,2037358.0,36.0134,1628010000000,17527,
1714,36.04,36.04,36.0,36.0,300.0,36.0267,1628024400000,3,
1715,35.97,36.2299,35.59,35.69,1529498.0,35.9364,1628082000000,15626,
1716,35.7,35.85,35.51,35.7,1787294.0,35.5951,1628096400000,14373,
1717,35.9,35.9,35.55,35.55,1100.0,35.5827,1628110800000,11,
1718,35.56,35.56,35.56,35.56,100.0,35.56,1628154000000,1,
1719,35.84,36.31,35.73,36.24,1134802.0,36.1033,1628168400000,11913,
1720,36.23,36.52,35.15,35.15,1644892.0,36.4248,1628182800000,14719,
1721,36.28,36.28,36.28,36.28,12630.0,36.2799,1628240400000,2,
1722,36.69,37.048,36.31,36.92,1142930.0,36.681,1628254800000,12553,
1723,36.92,36.96,36.8,36.93,1335727.0,36.8982,1628269200000,14496,
1724,36.7,36.76,35.985,36.51,1648822.0,36.2394,1628514000000,16381,
1725,36.51,36.58,36.32,36.38,1299513.0,36.4137,1628528400000,12811,
1726,36.61,36.63,36.56,36.58,12900.0,36.5805,1628542800000,4,
1727,36.24,36.35,36.23,36.33,12320.0,36.3301,1628586000000,18,
1728,36.38,37.115,36.25,36.9,1168078.0,36.7674,1628600400000,12352,
1729,36.9,37.035,36.82,36.91,1023440.0,36.9382,1628614800000,10356,
1730,36.91,36.91,36.91,36.91,240.0,36.91,1628629200000,2,
1731,36.92,37.48,36.715,37.48,951729.0,37.2538,1628686800000,9012,
1732,37.48,37.59,37.38,37.5,1303027.0,37.4833,1628701200000,11538,
1733,37.55,37.62,36.9,37.62,1290169.0,37.3053,1628773200000,11106,
1734,37.615,37.78,37.51,37.68,1138136.0,37.6427,1628787600000,11225,
1735,37.01,37.01,37.01,37.01,200.0,37.01,1628802000000,1,
1736,37.99,38.04,37.275,37.545,954552.0,37.4848,1628859600000,9243,
1737,37.545,37.6,37.33,37.52,1018249.0,37.4546,1628874000000,8599,
1738,37.51,37.7,37.5,37.5,21467.0,37.6741,1628888400000,19,
1739,37.13,37.33,37.12,37.12,16737.0,37.1761,1629104400000,9,
1740,37.39,37.725,37.11,37.55,1205750.0,37.4418,1629118800000,12150,
1741,37.55,37.695,37.48,37.6,1063167.0,37.5741,1629133200000,9413,
1742,37.02,37.02,37.0,37.0,400.0,37.0123,1629147600000,2,
1743,37.68,37.75,37.1,37.115,1798121.0,37.5262,1629205200000,16531,
1744,37.115,37.6,37.09,37.34,1480470.0,37.3718,1629219600000,13739,
1745,37.45,37.45,37.45,37.45,200.0,37.45,1629234000000,1,
1746,37.3,37.58,37.13,37.27,1209012.0,37.3667,1629291600000,11301,
1747,37.265,37.355,36.84,36.87,1765898.0,37.0177,1629306000000,13683,
1748,36.5,36.5,36.48,36.48,245.0,36.6114,1629363600000,4,
1749,36.3,36.919,36.28,36.6,1362831.0,36.563,1629378000000,13237,
1750,36.585,36.59,36.085,36.15,1694861.0,36.2389,1629392400000,15599,
1751,35.86,36.52,35.825,36.43,1895159.0,36.1689,1629464400000,16708,
1752,36.435,36.555,36.275,36.45,2253088.0,36.4103,1629478800000,20510,
1753,36.81,37.045,36.555,37.015,1707535.0,36.8132,1629723600000,14130,
1754,37.019,37.205,36.93,37.07,1606667.0,37.0573,1629738000000,11691,
1755,36.77,37.2,36.72,37.09,1554032.0,37.0606,1629810000000,11914,
1756,37.1,37.3,36.98,37.02,1858502.0,37.0821,1629824400000,10832,
1757,37.33,37.33,37.33,37.33,12135.0,37.33,1629838800000,3,
1758,36.78,37.14,36.78,36.81,11700.0,36.8443,1629882000000,6,
1759,37.11,37.33,36.83,37.18,2419581.0,37.1206,1629896400000,18350,
1760,37.19,37.44,37.11,37.12,1813691.0,37.1925,1629910800000,11799,
1761,37.4,37.4,37.17,37.17,13500.0,37.3589,1629925200000,3,
1762,37.02,37.07,36.81,37.07,17920.0,37.0048,1629968400000,32,
1763,36.82,37.01,36.44,36.71,953935.0,36.6682,1629982800000,9231,
1764,36.705,36.73,36.44,36.45,1066593.0,36.5788,1629997200000,10475,
1765,36.2,36.2,36.2,36.2,13900.0,36.2,1630011600000,2,
1766,36.8,36.8,36.51,36.8,12850.0,36.7647,1630054800000,7,
1767,36.49,36.99,36.45,36.845,889416.0,36.8229,1630069200000,11420,
1768,36.845,36.9,36.72,36.84,1277507.0,36.8206,1630083600000,12662,
1769,36.66,36.96,36.48,36.795,779334.0,36.7093,1630328400000,9737,
1770,36.795,36.86,36.53,36.54,1046964.0,36.6989,1630342800000,11282,
1771,36.11,36.11,36.1,36.1,801.0,36.1026,1630400400000,5,
1772,36.57,36.958,36.3,36.9438,954743.0,36.6699,1630414800000,11340,
1773,36.945,37.35,36.82,37.32,2102329.0,37.1537,1630429200000,16080,
1774,37.5,37.5,37.36,37.41,16694.0,37.4612,1630486800000,21,
1775,37.22,37.34,36.91,37.24,1111989.0,37.1099,1630501200000,14130,
1776,37.235,37.53,37.145,37.15,1919990.0,37.3222,1630515600000,16894,
1777,37.25,37.47,36.98,37.3782,1227312.0,37.3,1630587600000,10336,
1778,37.38,37.525,37.215,37.24,1042521.0,37.3891,1630602000000,9556,
1779,37.52,37.6,37.085,37.255,1209809.0,37.3156,1630674000000,11431,
1780,37.25,37.52,37.23,37.5,779883.0,37.323,1630688400000,8478,
1781,37.52,37.52,37.42,37.42,500.0,37.45,1630702800000,3,
1782,37.45,37.45,37.01,37.3,12636.0,37.1273,1631005200000,31,
1783,37.25,37.495,36.84,36.92,706274.0,37.1568,1631019600000,7986,
1784,36.93,37.02,36.765,36.9,1152011.0,36.8713,1631034000000,8812,
1785,36.93,37.27,36.68,37.125,1258601.0,36.9726,1631106000000,12426,
1786,37.12,37.38,37.005,37.12,1459471.0,37.1073,1631120400000,12325,
1787,37.15,37.15,37.15,37.15,14118.0,37.15,1631134800000,1,
1788,36.8,36.8,36.8,36.8,12100.0,36.8,1631178000000,1,
1789,37.17,37.25,36.92,36.92,1047377.0,37.0858,1631192400000,11433,
1790,36.9199,37.12,36.425,37.03,2081683.0,36.6872,1631206800000,18705,
1791,36.91,36.99,36.66,36.66,11271.0,36.7205,1631264400000,14,
1792,36.99,37.03,36.445,36.6999,852984.0,36.6989,1631278800000,8069,
1793,36.7,36.725,36.1,36.16,1126458.0,36.3376,1631293200000,11702,
1794,36.65,36.97,36.255,36.78,1559624.0,36.6797,1631538000000,15687,
1795,36.78,37.14,36.555,37.14,1833919.0,36.8179,1631552400000,16158,
1796,36.95,37.29,36.86,37.005,1273469.0,37.0885,1631624400000,12104,
1797,37.0,37.105,36.79,36.83,1401494.0,36.9785,1631638800000,12126,
1798,37.03,37.04,37.03,37.04,200.0,37.035,1631653200000,2,
1799,37.0,37.365,36.76,37.1,1072393.0,37.0583,1631710800000,11616,
1800,37.095,37.76,37.0,37.0,1427982.0,37.4596,1631725200000,14110,
1801,37.75,37.76,36.93,37.11,1324725.0,37.2188,1631797200000,12399,
1802,37.11,37.22,36.97,37.07,997274.0,37.0671,1631811600000,10805,
1803,36.95,37.35,36.82,36.935,897617.0,37.0098,1631883600000,9871,
1804,36.94,37.04,36.755,36.9875,1494892.0,36.9534,1631898000000,13600,
1805,36.15,36.15,36.15,36.15,100.0,36.15,1632128400000,1,
1806,36.1,36.58,36.02,36.04,851920.0,36.3026,1632142800000,11300,
1807,36.045,36.26,35.675,36.22,1460114.0,35.9845,1632157200000,16257,
1808,36.51,37.085,36.02,36.355,1595091.0,36.4159,1632229200000,16030,
1809,36.355,36.62,35.99,36.02,3618990.0,36.1924,1632243600000,22960,
1810,36.7,36.98,36.7,36.98,200.0,36.84,1632301200000,2,
1811,36.46,37.36,36.36,37.115,1637118.0,36.9668,1632315600000,15587,
1812,37.115,37.19,36.825,36.99,2010044.0,37.0146,1632330000000,18640,
1813,37.36,38.36,37.23,38.31,1600599.0,38.0072,1632402000000,14537,
1814,38.32,38.65,38.3101,38.41,1998226.0,38.4908,1632416400000,17533,
1815,38.6,38.6,38.6,38.6,296.0,38.5868,1632430800000,3,
1816,38.33,38.882,38.275,38.76,1337072.0,38.6389,1632488400000,13031,
1817,38.76,39.03,38.72,38.88,1664884.0,38.8878,1632502800000,15590,
1818,38.88,39.35,38.8335,38.91,1586758.0,39.0151,1632747600000,13866,
1819,38.91,39.01,38.68,38.72,1247260.0,38.8179,1632762000000,12606,
1820,38.51,38.79,37.77,37.78,1391694.0,38.2172,1632834000000,14016,
1821,37.78,37.975,37.49,37.54,1541819.0,37.7162,1632848400000,13735,
1822,38.5,38.5,38.5,38.5,100.0,38.5,1632906000000,1,
1823,37.78,37.91,37.2,37.32,1002556.0,37.5507,1632920400000,11361,
1824,37.31,37.69,37.25,37.49,1162433.0,37.5294,1632934800000,12120,
1825,37.99,37.99,37.99,37.99,100.0,37.99,1632992400000,1,
1826,37.75,37.8,36.71,36.855,1501951.0,37.1002,1633006800000,13829,
1827,36.86,37.18,36.66,36.67,1534391.0,36.8732,1633021200000,15357,
1828,36.64,36.65,36.64,36.64,1250.0,36.644,1633078800000,3,
1829,37.0,37.64,36.715,37.56,1309463.0,37.1207,1633093200000,14015,
1830,37.56,38.06,37.52,37.84,1191445.0,37.8702,1633107600000,13420,
1831,37.66,38.18,37.42,37.51,1069338.0,37.7014,1633352400000,13488,
1832,37.51,37.555,37.25,37.47,1217936.0,37.4273,1633366800000,14307,
1833,37.47,37.47,37.47,37.47,164.0,37.47,1633424400000,1,
1834,38.1,38.3699,37.32,37.965,1761035.0,38.0015,1633438800000,13986,
1835,37.96,38.175,37.32,37.32,1129773.0,38.0489,1633453200000,11680,
1836,37.36,37.87,36.69,36.9,1169457.0,36.9993,1633525200000,12092,
1837,36.9,37.51,36.79,37.4,1249935.0,37.321,1633539600000,14677,
1838,37.76,38.195,37.585,37.875,1028871.0,37.9579,1633611600000,12341,
1839,37.885,38.04,37.7,37.72,1151374.0,37.8175,1633626000000,11259,
1840,37.91,38.07,37.325,37.375,954562.0,37.6847,1633698000000,10393,
1841,37.37,37.4,37.17,37.23,1317331.0,37.2488,1633712400000,12439,
1842,37.2,37.51,36.9,37.24,1080667.0,37.2802,1633957200000,8670,
1843,37.24,37.535,37.14,37.38,1138488.0,37.3626,1633971600000,10688,
1844,37.51,37.555,36.76,36.86,1215077.0,37.2414,1634043600000,11451,
1845,36.86,37.04,36.74,36.88,1384799.0,36.8909,1634058000000,13479,
1846,36.95,37.09,36.415,36.87,1263566.0,36.7085,1634130000000,12596,
1847,36.87,37.0,36.71,36.83,994298.0,36.8312,1634144400000,11551,
1848,37.17,38.29,37.17,38.24,1671993.0,37.9119,1634216400000,15733,
1849,38.24,38.26,37.96,38.1,1329390.0,38.0955,1634230800000,14279,
1850,38.13,38.5,38.13,38.36,785281.0,38.2978,1634302800000,8937,
1851,38.35,38.585,38.16,38.2,1053027.0,38.3225,1634317200000,11190,
1852,38.01,38.44,37.86,38.18,1126206.0,38.259,1634562000000,12105,
1853,38.19,38.245,38.02,38.16,908520.0,38.1163,1634576400000,10635,
1854,38.48,38.705,38.04,38.06,2253954.0,38.3733,1634648400000,18632,
1855,38.07,38.37,37.98,38.0,1910444.0,38.182,1634662800000,16505,
1856,38.02,38.02,38.0,38.0,1110.0,38.0126,1634677200000,4,
1857,38.0,38.0,37.76,37.98,1696.0,37.9811,1634720400000,9,
1858,37.98,38.26,37.19,38.115,1867288.0,37.9071,1634734800000,16419,
1859,38.115,38.4,37.945,38.01,2492466.0,38.1483,1634749200000,20209,
1860,38.14,38.4,37.73,38.26,22536.0,38.2585,1634806800000,19,
1861,38.4,38.4,36.09,36.558,3961910.0,36.8387,1634821200000,27709,
1862,36.56,37.3,36.555,37.08,2255730.0,36.9557,1634835600000,20322,
1863,37.09,37.09,37.0,37.0,450.0,37.04,1634893200000,5,
1864,37.0,37.79,36.705,36.74,1215753.0,37.2108,1634907600000,13142,
1865,36.74,37.065,36.65,36.96,1613818.0,36.8895,1634922000000,15256,
1866,36.97,37.13,36.23,36.3,1501004.0,36.5169,1635166800000,15795,
1867,36.3,36.425,35.93,36.15,1683924.0,36.1451,1635181200000,16431,
1868,36.29,36.555,36.04,36.23,1989743.0,36.3266,1635253200000,14520,
1869,36.22,36.68,36.19,36.58,1176222.0,36.51,1635267600000,11326,
1870,36.48,36.57,36.04,36.39,1185264.0,36.3138,1635339600000,11002,
1871,36.39,36.655,36.005,36.02,1248961.0,36.2375,1635354000000,12890,
1872,36.25,36.25,36.25,36.25,182.0,36.25,1635411600000,1,
1873,36.02,36.42,35.94,36.23,1087200.0,36.1908,1635426000000,12613,
1874,36.23,36.66,36.23,36.66,971269.0,36.4949,1635440400000,9985,
1875,36.47,36.47,36.47,36.47,100.0,36.47,1635498000000,1,
1876,36.59,37.01,36.41,36.495,695254.0,36.7162,1635512400000,9441,
1877,36.49,36.64,36.365,36.57,1103881.0,36.5218,1635526800000,13287,
1878,36.89,37.0,36.5,36.83,1283638.0,36.7045,1635771600000,14430,
1879,36.84,36.98,36.49,36.7,1379779.0,36.7688,1635786000000,13556,
1880,36.69,36.69,36.69,36.69,200.0,36.69,1635800400000,1,
1881,36.54,36.81,35.56,35.61,1725656.0,35.9793,1635858000000,18585,
1882,35.61,35.665,35.36,35.66,1623281.0,35.5221,1635872400000,17434,
1883,35.8,35.8,35.8,35.8,198.0,35.8,1635915600000,1,
1884,35.81,35.81,35.8,35.8,559.0,35.8075,1635930000000,2,
1885,35.46,35.79,35.07,35.565,1669455.0,35.5241,1635944400000,15308,
1886,35.565,36.0,35.415,36.0,2045467.0,35.706,1635958800000,18857,
1887,35.7,36.13,35.37,35.63,774846.0,35.6748,1636030800000,10292,
1888,35.64,35.82,35.375,35.78,1749475.0,35.5982,1636045200000,15946,
1889,35.87,35.87,35.65,35.71,4350.0,35.7165,1636102800000,10,
1890,36.24,36.63,36.15,36.21,1688245.0,36.3294,1636117200000,13409,
1891,36.21,36.475,36.16,36.42,1364160.0,36.3616,1636131600000,13051,
1892,36.52,36.52,36.52,36.52,507.0,36.5189,1636362000000,5,
1893,36.79,36.85,36.27,36.325,804640.0,36.5005,1636376400000,8853,
1894,36.325,36.445,36.07,36.28,1417871.0,36.2401,1636390800000,15480,
1895,36.27,36.41,36.27,36.41,125224.0,36.274,1636405200000,36,
1896,36.12,36.32,35.505,35.82,754709.0,35.7586,1636462800000,8170,
1897,35.8,36.0362,35.755,36.03,994425.0,35.914,1636477200000,11240,
1898,36.03,36.03,36.03,36.03,42934.0,36.03,1636491600000,21,
1899,35.97,35.97,35.97,35.97,208.0,35.97,1636534800000,4,
1900,36.01,36.69,35.61,36.645,567757.0,36.3505,1636549200000,5885,
1901,36.645,36.72,36.04,36.09,1374008.0,36.2459,1636563600000,13719,
1902,36.09,36.25,36.09,36.25,51552.0,36.0903,1636578000000,29,
1903,36.1,36.72,35.87,36.7,849204.0,36.42,1636635600000,7417,
1904,36.7,37.03,36.69,37.0,1863419.0,36.9146,1636650000000,17054,
1905,36.99,36.99,36.99,36.99,30475.0,36.99,1636664400000,27,
1906,36.99,37.22,36.475,36.565,697560.0,36.6634,1636722000000,7069,
1907,36.56,36.6,36.33,36.35,965421.0,36.4176,1636736400000,9460,
1908,36.34,36.47,36.31,36.34,70662.0,36.3446,1636750800000,31,
1909,36.38,36.72,36.31,36.37,450560.0,36.4839,1636981200000,5523,
1910,36.37,36.45,35.98,36.14,1074663.0,36.176,1636995600000,11429,
1911,36.13,36.16,35.9,36.16,82970.0,36.0967,1637010000000,48,
1912,36.09,36.18,35.745,35.985,619322.0,35.9209,1637067600000,7130,
1913,35.98,36.13,35.83,35.85,1660071.0,36.012,1637082000000,12751,
1914,35.85,35.85,35.85,35.85,206643.0,35.85,1637096400000,28,
1915,35.89,36.15,35.63,36.095,620550.0,35.9259,1637154000000,6763,
1916,36.1,36.265,35.8,35.89,1552685.0,36.0298,1637168400000,15921,
1917,35.89,36.15,35.89,36.15,69067.0,35.9186,1637182800000,34,
1918,35.6,36.04,34.62,34.78,1652845.0,35.142,1637240400000,10990,
1919,34.78,34.87,34.59,34.71,2352956.0,34.708,1637254800000,18077,
1920,34.7,34.7,34.55,34.55,33245.0,34.6991,1637269200000,32,
1921,34.38,34.57,34.06,34.35,1557471.0,34.3119,1637326800000,13173,
1922,34.36,34.41,34.055,34.35,2144653.0,34.2557,1637341200000,20873,
1923,34.35,34.35,34.35,34.35,41297.0,34.35,1637355600000,35,
1924,34.15,34.64,34.15,34.43,824153.0,34.4811,1637586000000,9369,
1925,34.44,34.57,34.25,34.33,1398290.0,34.3885,1637600400000,15104,
1926,34.32,34.32,34.32,34.32,35606.0,34.32,1637614800000,44,
1927,34.15,34.81,34.15,34.63,1176978.0,34.6148,1637672400000,11628,
1928,34.635,34.73,34.41,34.51,2030931.0,34.5532,1637686800000,17866,
1929,34.51,34.75,34.5,34.75,51889.0,34.5152,1637701200000,45,
1930,34.19,34.52,34.05,34.45,613974.0,34.3766,1637758800000,7376,
1931,34.445,34.68,34.39,34.46,994636.0,34.5164,1637773200000,13662,
1932,34.47,34.81,34.47,34.47,76723.0,34.5067,1637787600000,40,
1933,33.75,33.75,33.33,33.54,1812.0,33.4906,1637917200000,31,
1934,33.41,33.46,32.93,33.45,1594049.0,33.2149,1637931600000,14559,
1935,33.44,33.85,33.44,33.49,597452.0,33.7291,1637946000000,7090,
1936,34.16,34.2,33.32,33.66,1045700.0,33.6167,1638190800000,10738,
1937,33.666,34.27,33.66,34.01,1333285.0,34.0728,1638205200000,17423,
1938,34.02,34.02,34.02,34.02,23860.0,34.02,1638219600000,24,
1939,33.4,33.68,32.79,32.9,1330151.0,33.2311,1638277200000,12356,
1940,32.89,33.25,32.71,33.19,2630350.0,33.0471,1638291600000,24540,
1941,33.19,33.3,32.95,33.24,953021.0,33.1856,1638306000000,74,
1942,34.13,34.13,33.62,33.62,480.0,33.8159,1638349200000,4,
1943,34.05,34.41,33.61,34.34,1723748.0,33.9981,1638363600000,15719,
1944,34.34,34.64,33.035,33.06,4154141.0,33.8909,1638378000000,38890,
1945,33.06,33.06,33.06,33.06,70975.0,33.06,1638392400000,43,
1946,33.24,34.67,33.2038,34.39,1041358.0,34.1392,1638450000000,13542,
1947,34.39,34.785,34.32,34.49,1955472.0,34.5465,1638464400000,23433,
1948,34.49,34.65,34.3,34.65,53648.0,34.4843,1638478800000,52,
1949,34.42,35.1,34.42,34.755,1354631.0,34.8258,1638536400000,13524,
1950,34.77,34.975,34.205,34.42,2077742.0,34.5034,1638550800000,22416,
1951,34.42,34.42,33.97,34.42,173974.0,34.3936,1638565200000,63,
1952,34.82,34.82,34.51,34.58,1406.0,34.6515,1638781200000,19,
1953,34.65,35.28,34.26,34.99,770142.0,35.0403,1638795600000,8915,
1954,34.99,35.15,34.66,34.73,1420247.0,34.9034,1638810000000,17003,
1955,34.73,34.86,34.6,34.86,148951.0,34.73,1638824400000,43,
1956,35.29,35.65,34.73,35.245,947551.0,35.2572,1638882000000,9816,
1957,35.24,35.595,35.235,35.43,1514252.0,35.4479,1638896400000,17315,
1958,35.43,35.79,35.2,35.79,63873.0,35.4933,1638910800000,54,
1959,35.29,35.64,35.23,35.37,1380.0,35.3742,1638954000000,23,
1960,35.43,36.295,35.35,36.11,1707862.0,35.9907,1638968400000,11484,
1961,36.11,36.425,36.085,36.24,2367426.0,36.2868,1638982800000,20353,
1962,36.24,36.67,36.24,36.53,166767.0,36.2847,1638997200000,47,
1963,36.24,36.655,35.87,36.62,847499.0,36.4465,1639054800000,7589,
1964,36.62,36.955,36.41,36.48,2224188.0,36.6438,1639069200000,20369,
1965,36.48,36.48,36.48,36.48,104217.0,36.48,1639083600000,35,
1966,36.43,36.97,36.43,36.84,1487384.0,36.7523,1639141200000,12326,
1967,36.855,37.1,36.565,37.04,2212367.0,36.8685,1639155600000,20633,
1968,37.04,37.49,37.04,37.49,80580.0,37.0424,1639170000000,40,
1969,37.04,37.065,36.39,36.64,1209945.0,36.5994,1639400400000,10999,
1970,36.64,37.015,36.57,36.86,2093486.0,36.8245,1639414800000,18558,
1971,36.85,37.2,36.85,36.85,104652.0,36.9228,1639429200000,75,
1972,36.43,36.72,36.43,36.55,684.0,36.6269,1639472400000,10,
1973,36.55,37.01,36.36,36.4,1706701.0,36.6713,1639486800000,13177,
1974,36.39,36.815,36.3,36.65,2392398.0,36.5523,1639501200000,19847,
1975,36.65,36.65,36.65,36.65,95381.0,36.6535,1639515600000,32,
1976,36.6683,36.9,35.69,35.82,1187764.0,36.0394,1639573200000,11143,
1977,35.815,36.425,35.8,36.37,2026971.0,36.1511,1639587600000,21249,
1978,36.38,36.68,36.36,36.36,65573.0,36.4464,1639602000000,39,
1979,36.55,36.61,36.33,36.49,1125.0,36.4392,1639645200000,16,
1980,36.48,37.195,36.48,36.84,1477800.0,36.911,1639659600000,12742,
1981,36.84,36.9,36.33,36.61,2081096.0,36.5856,1639674000000,23687,
1982,36.62,36.62,36.62,36.62,224034.0,36.62,1639688400000,18,
1983,36.68,36.76,35.96,36.52,1124521.0,36.4746,1639746000000,10553,
1984,36.52,36.925,36.43,36.7,1787446.0,36.745,1639760400000,19905,
1985,36.71,36.71,36.71,36.71,99887.0,36.71,1639774800000,39,
1986,36.74,36.74,36.74,36.74,271.0,36.7385,1639990800000,2,
1987,36.29,36.32,35.425,35.79,1233977.0,35.7317,1640005200000,11741,
1988,35.795,35.94,35.33,35.53,2024279.0,35.5714,1640019600000,20795,
1989,35.52,35.52,35.52,35.52,285230.0,35.52,1640034000000,35,
1990,35.65,36.875,35.65,36.805,775795.0,36.5436,1640091600000,9000,
1991,36.805,36.96,36.695,36.96,1018926.0,36.8357,1640106000000,12963,
1992,36.95,36.96,36.95,36.95,52359.0,36.95,1640120400000,40,
1993,36.89,36.98,36.57,36.78,791840.0,36.7932,1640178000000,8951,
1994,36.78,36.835,36.615,36.7,1100386.0,36.7167,1640192400000,12743,
1995,36.69,36.69,36.69,36.69,72105.0,36.69,1640206800000,38,
1996,36.78,37.13,36.62,36.735,672563.0,36.7885,1640264400000,7188,
1997,36.73,36.95,36.64,36.85,886354.0,36.813,1640278800000,11724,
1998,36.85,36.85,36.85,36.85,25995.0,36.85,1640293200000,22,
1999,37.1,37.53,36.64,37.52,948769.0,37.1478,1640610000000,8733,
2000,37.51,37.9,37.45,37.9,990609.0,37.727,1640624400000,12427,
2001,37.89,37.89,37.85,37.85,60163.0,37.8899,1640638800000,18,
2002,37.74,38.15,37.71,37.905,550422.0,37.9015,1640696400000,5996,
2003,37.9,37.98,37.76,37.84,662141.0,37.8569,1640710800000,9029,
2004,37.84,37.84,37.84,37.84,26900.0,37.84,1640725200000,18,
2005,37.85,37.98,37.69,37.8,452298.0,37.83,1640782800000,5681,
2006,37.8,37.85,37.71,37.78,686468.0,37.7709,1640797200000,7946,
2007,37.78,37.78,37.0,37.0,103883.0,37.7775,1640811600000,28,
2008,38.09,38.2,37.95,37.99,434506.0,38.0345,1640869200000,4927,
2009,37.985,37.99,37.7,37.78,887732.0,37.8354,1640883600000,10936,
2010,37.77,37.77,37.77,37.77,12837.0,37.77,1640898000000,19,
2011,37.68,37.81,37.465,37.6,424092.0,37.6163,1640955600000,5224,
2012,37.595,37.71,37.38,37.45,943072.0,37.5466,1640970000000,11633,
2013,37.45,37.45,37.45,37.45,12050.0,37.45,1640984400000,16,
2014,37.68,37.96,37.41,37.72,905187.0,37.6887,1641214800000,8301,
2015,37.71,37.85,37.44,37.65,1374305.0,37.6431,1641229200000,13300,
2016,37.65,37.65,37.65,37.65,86398.0,37.65,1641243600000,32,
2017,37.9,38.4722,37.89,38.395,783673.0,38.2445,1641301200000,10547,
2018,38.395,38.73,38.28,38.41,1766837.0,38.4484,1641315600000,20892,
2019,38.4,38.4,38.3,38.3,139758.0,38.3999,1641330000000,40,
2020,37.78,38.77,37.78,38.1,854392.0,38.3675,1641387600000,10360,
2021,38.1,38.175,37.2,37.24,2479866.0,37.6519,1641402000000,24877,
2022,37.24,37.24,37.24,37.24,76960.0,37.24,1641416400000,40,
2023,37.36,37.47,37.36,37.47,600.0,37.4146,1641459600000,4,
2024,37.59,37.75,37.345,37.561,1053755.0,37.5459,1641474000000,12019,
2025,37.56,37.99,37.55,37.8,1486790.0,37.8482,1641488400000,16214,
2026,37.8,37.8,37.8,37.8,99908.0,37.8,1641502800000,36,
2027,37.83,38.155,37.53,38.155,612966.0,37.764,1641560400000,6954,
2028,38.13,38.36,37.45,37.53,2393608.0,37.8081,1641574800000,23320,
2029,37.54,37.54,37.54,37.54,61110.0,37.54,1641589200000,21,
2030,37.4,37.67,37.015,37.055,1145380.0,37.249,1641819600000,13579,
2031,37.055,37.4,36.95,37.33,1344822.0,37.1747,1641834000000,19001,
2032,37.33,37.33,37.33,37.33,68119.0,37.33,1641848400000,34,
2033,37.38,37.38,37.38,37.38,135.0,37.38,1641891600000,1,
2034,37.51,37.77,36.801,36.815,712945.0,36.9845,1641906000000,9646,
2035,36.815,37.37,36.795,37.37,1479270.0,37.1746,1641920400000,17317,
2036,37.35,37.35,37.35,37.35,62633.0,37.35,1641934800000,41,
2037,37.5,38.09,37.3,37.56,701110.0,37.8289,1641992400000,7941,
2038,37.555,37.8599,37.42,37.75,1185833.0,37.6322,1642006800000,12153,
2039,37.75,37.75,37.75,37.75,106104.0,37.75,1642021200000,39,
2040,37.86,38.61,37.78,38.585,802816.0,38.2999,1642078800000,8151,
2041,38.59,38.61,37.85,38.065,1669539.0,38.0834,1642093200000,15077,
2042,38.05,38.05,38.05,38.05,36808.0,38.05,1642107600000,31,
2043,37.58,37.86,37.28,37.635,817282.0,37.5908,1642165200000,6190,
2044,37.63,38.13,37.385,38.08,1319573.0,37.8782,1642179600000,13511,
2045,38.06,38.1,38.06,38.1,25876.0,38.0608,1642194000000,36,
2046,37.83,37.89,37.03,37.14,923422.0,37.3673,1642510800000,10226,
2047,37.14,37.14,36.57,36.82,1525370.0,36.8264,1642525200000,20039,
2048,36.82,36.82,36.65,36.65,83617.0,36.8137,1642539600000,46,
2049,36.83,37.06,36.47,36.625,671455.0,36.7111,1642597200000,8324,
2050,36.625,36.895,36.45,36.47,1531431.0,36.6726,1642611600000,15523,
2051,36.48,36.48,36.48,36.48,40698.0,36.48,1642626000000,34,
2052,36.5,36.84,36.14,36.775,1497437.0,36.6736,1642683600000,10956,
2053,36.77,37.05,35.94,36.01,1612314.0,36.5825,1642698000000,16454,
2054,36.02,36.02,36.02,36.02,59051.0,36.02,1642712400000,40,
2055,35.56,35.56,35.46,35.51,1500.0,35.504,1642755600000,14,
2056,35.75,36.325,35.55,35.95,1315923.0,35.9585,1642770000000,10584,
2057,35.94,35.95,35.183,35.35,1734480.0,35.5056,1642784400000,19786,
2058,35.35,35.35,35.0,35.0,51479.0,35.3149,1642798800000,53,
2059,35.29,35.29,35.22,35.22,796.0,35.2672,1643014800000,6,
2060,34.91,35.07,34.31,34.59,1295963.0,34.7248,1643029200000,14312,
2061,34.56,35.68,34.1,35.61,2128052.0,35.0316,1643043600000,26348,
2062,35.61,35.61,35.61,35.61,104627.0,35.61,1643058000000,44,
2063,35.09,35.6271,34.23,34.99,1157338.0,34.8587,1643115600000,14721,
2064,34.98,35.61,34.775,35.22,1855079.0,35.2531,1643130000000,23758,
2065,35.22,35.22,35.22,35.22,87572.0,35.22,1643144400000,39,
2066,35.66,36.2562,35.515,35.985,1124127.0,35.8855,1643202000000,12578,
2067,35.99,36.105,35.015,35.46,2504864.0,35.6406,1643216400000,32956,
2068,35.45,35.45,35.45,35.45,95687.0,35.45,1643230800000,57,
2069,34.14,34.58,34.13,34.58,1884.0,34.3169,1643274000000,11,
2070,34.31,35.0,33.65,34.3,3264568.0,34.3026,1643288400000,26756,
2071,34.3,34.32,33.475,33.665,3355916.0,33.7882,1643302800000,35311,
2072,33.67,33.67,33.67,33.67,56375.0,33.67,1643317200000,45,
2073,33.9,34.795,33.01,34.775,1578616.0,34.1628,1643374800000,17543,
2074,34.78,35.21,34.37,35.2,2217876.0,34.8133,1643389200000,24886,
2075,35.19,35.19,35.19,35.19,57405.0,35.19,1643403600000,65,
2076,34.85,35.09,34.33,34.4,10773.0,34.695,1643619600000,99,
2077,34.4,35.775,34.35,35.65,936252.0,35.4189,1643634000000,10646,
2078,35.645,35.9,35.13,35.55,2578876.0,35.5406,1643648400000,24952,
2079,35.54,35.54,35.54,35.54,386482.0,35.5371,1643662800000,72,
2080,35.15,35.7,35.13,35.5,3090.0,35.3657,1643706000000,23,
2081,35.71,36.21,35.58,35.87,1156731.0,35.8182,1643720400000,12937,
2082,35.865,36.325,35.73,36.21,1766701.0,36.0763,1643734800000,20381,
2083,36.2,36.2,36.2,36.2,90341.0,36.1998,1643749200000,48,
2084,36.81,36.88,36.7,36.75,950.0,36.7609,1643792400000,13,
2085,36.2,36.39,35.64,35.8,1167358.0,35.8887,1643806800000,13254,
2086,35.8,36.265,35.761,36.1,1502081.0,36.0401,1643821200000,18008,
2087,36.09,36.09,34.05,34.05,68104.0,36.0537,1643835600000,51,
2088,36.2,36.66,35.43,36.36,855656.0,36.325,1643893200000,10708,
2089,36.35,36.68,36.23,36.56,2050932.0,36.4968,1643907600000,22174,
2090,36.55,36.55,36.55,36.55,54014.0,36.55,1643922000000,40,
2091,36.42,36.915,36.18,36.41,1157641.0,36.487,1643979600000,11396,
2092,36.41,36.815,36.32,36.32,1662523.0,36.5162,1643994000000,19567,
2093,36.32,36.55,36.32,36.55,38949.0,36.3209,1644008400000,47,
2094,36.21,36.84,35.95,36.71,846934.0,36.6898,1644238800000,9802,
2095,36.7,36.715,36.385,36.56,1722165.0,36.559,1644253200000,18652,
2096,36.55,36.55,36.55,36.55,8290.0,36.55,1644267600000,10,
2097,36.11,37.21,36.11,37.185,963069.0,36.9325,1644325200000,12084,
2098,37.19,37.36,37.045,37.2,1613663.0,37.2242,1644339600000,19514,
2099,37.22,37.45,37.22,37.45,39950.0,37.2245,1644354000000,34,
2100,38.0,38.25,38.0,38.25,2530.0,38.0423,1644397200000,11,
2101,38.25,39.98,38.24,38.85,3213028.0,38.7473,1644411600000,24173,
2102,38.85,39.54,38.83,39.44,3850703.0,39.2916,1644426000000,35917,
2103,39.44,39.44,39.44,39.44,42753.0,39.44,1644440400000,22,
2104,39.01,39.01,39.0,39.0,2020.0,38.9707,1644483600000,20,
2105,38.6,38.6,32.55,36.77,4513683.0,36.7643,1644498000000,38399,
2106,36.77,36.82,35.45,35.975,5271951.0,35.928,1644512400000,45943,
2107,35.98,35.98,35.75,35.75,802.0,35.894,1644526800000,7,
2108,36.39,36.54,35.245,35.57,2208749.0,35.5863,1644584400000,20990,
2109,35.57,35.77,34.65,34.935,3102761.0,35.0662,1644598800000,31945,
2110,34.5,35.48,34.41,35.22,1594815.0,35.1909,1644843600000,19318,
2111,35.23,35.25,34.605,35.075,2857014.0,35.0052,1644858000000,29013,
2112,35.08,35.08,35.08,35.08,55266.0,35.08,1644872400000,27,
2113,35.1,36.29,35.07,36.13,1164303.0,36.1279,1644930000000,13739,
2114,36.135,36.379,36.085,36.32,2290859.0,36.2464,1644944400000,22389,
2115,36.32,36.32,36.32,36.32,37613.0,36.32,1644958800000,24,
2116,36.09,36.565,35.51,36.17,801758.0,36.3129,1645016400000,9753,
2117,36.175,36.845,36.0,36.59,2406475.0,36.5169,1645030800000,25358,
2118,36.6,36.6,36.6,36.6,30748.0,36.6,1645045200000,16,
2119,36.25,36.605,35.88,36.485,1215155.0,36.2409,1645102800000,13364,
2120,36.49,36.7,36.001,36.12,1357656.0,36.269,1645117200000,18300,
2121,36.12,36.12,36.12,36.12,37965.0,36.12,1645131600000,31,
2122,36.45,36.57,35.89,36.03,823267.0,36.3162,1645189200000,10462,
2123,36.025,36.41,35.96,36.12,1623876.0,36.1742,1645203600000,21352,
2124,36.11,36.11,35.71,35.91,236288.0,36.1088,1645218000000,53,
2125,36.09,36.09,36.09,36.09,185.0,36.09,1645520400000,1,
2126,36.06,36.695,35.91,36.68,1323933.0,36.3695,1645534800000,11405,
2127,36.69,36.82,36.03,36.39,2137517.0,36.4136,1645549200000,24819,
2128,36.39,36.39,36.39,36.39,201978.0,36.39,1645563600000,42,
2129,36.65,36.65,36.03,36.32,911536.0,36.2622,1645621200000,10127,
2130,36.33,36.47,35.7,35.81,2381825.0,35.9701,1645635600000,24012,
2131,35.79,35.79,35.79,35.79,58794.0,35.79,1645650000000,27,
2132,34.42,35.515,34.42,35.385,1535036.0,35.1386,1645707600000,17978,
2133,35.39,36.305,35.09,36.19,2355089.0,35.7803,1645722000000,29042,
2134,36.18,36.18,35.25,35.68,38395.0,36.1034,1645736400000,70,
2135,36.85,37.29,35.72,37.26,1357041.0,36.9,1645794000000,15786,
2136,37.26,37.61,37.04,37.48,3059158.0,37.4062,1645808400000,32197,
2137,37.48,37.48,37.48,37.48,55786.0,37.48,1645822800000,37,
2138,36.39,37.165,36.28,37.11,1155174.0,36.7996,1646053200000,13958,
2139,37.11,37.13,36.22,36.79,2158534.0,36.6079,1646067600000,26818,
2140,36.8,36.8,36.49,36.61,548409.0,36.7994,1646082000000,65,
2141,36.38,36.8,35.26,35.32,1141495.0,35.7518,1646139600000,12958,
2142,35.31,35.76,35.1702,35.46,2722994.0,35.4345,1646154000000,27483,
2143,35.47,35.47,35.47,35.47,74060.0,35.47,1646168400000,34,
2144,35.3,36.44,35.3,36.39,1414423.0,36.1919,1646226000000,16386,
2145,36.395,36.53,36.2,36.41,1836444.0,36.3906,1646240400000,22745,
2146,36.41,36.41,36.1,36.22,38250.0,36.3993,1646254800000,43,
2147,36.39,36.63,35.32,35.66,817933.0,35.7707,1646312400000,10204,
2148,35.65,35.965,35.56,35.86,1704245.0,35.7822,1646326800000,21499,
2149,35.85,35.85,35.85,35.85,40806.0,35.85,1646341200000,34,
2150,35.45,35.85,34.225,34.33,1237803.0,34.6649,1646398800000,16326,
2151,34.325,34.51,33.97,34.19,2498841.0,34.2089,1646413200000,28336,
2152,34.2,34.2,33.73,33.94,60719.0,34.1967,1646427600000,50,
2153,33.55,34.19,33.02,33.05,1230629.0,33.5705,1646658000000,13604,
2154,33.04,33.08,32.17,32.21,3131105.0,32.6021,1646672400000,32319,
2155,32.2,32.2,32.2,32.2,42193.0,32.2,1646686800000,37,
2156,32.86,32.86,31.83,32.74,1410751.0,32.2805,1646744400000,15591,
2157,32.765,33.55,32.53,32.54,3214766.0,32.9299,1646758800000,34053,
2158,32.54,32.54,32.54,32.54,43834.0,32.54,1646773200000,41,
2159,33.15,33.94,32.9,33.88,1064957.0,33.6644,1646830800000,11921,
2160,33.89,34.08,33.75,33.77,1401395.0,33.9182,1646845200000,19357,
2161,33.78,33.78,33.78,33.78,68073.0,33.78,1646859600000,52,
2162,33.18,33.78,32.88,33.18,893329.0,33.3713,1646917200000,9695,
2163,33.17,33.585,33.05,33.46,1871211.0,33.3526,1646931600000,20869,
2164,33.46,33.68,33.46,33.46,16771.0,33.4637,1646946000000,33,
2165,32.85,34.35,32.85,33.49,974079.0,33.5212,1647003600000,11042,
2166,33.495,33.69,32.99,33.0,1753016.0,33.3398,1647018000000,20092,
2167,32.99,33.28,32.6,32.92,21586.0,32.9734,1647032400000,60,
2168,32.75,32.75,32.75,32.75,646.0,32.8051,1647248400000,6,
2169,32.96,34.545,32.69,34.115,3797135.0,34.1663,1647262800000,37696,
2170,34.11,35.25,33.915,35.25,3130832.0,34.1336,1647277200000,30215,
2171,34.45,34.63,34.42,34.63,1014.0,34.58,1647291600000,21,
2172,33.89,34.59,33.89,34.35,1724.0,34.3475,1647334800000,23,
2173,34.28,35.0,34.28,34.335,1776894.0,34.6438,1647349200000,22931,
2174,34.335,34.87,34.28,34.84,1717343.0,34.6624,1647363600000,21468,
2175,35.0,35.0,35.0,35.0,200.0,35.0,1647406800000,1,
2176,35.01,36.28,35.01,35.24,14253.0,35.5477,1647421200000,91,
2177,35.3,36.43,35.01,36.07,1843732.0,36.0649,1647435600000,20454,
2178,36.07,36.27,35.49,36.25,2480176.0,35.9703,1647450000000,28234,
2179,35.72,36.48,35.72,36.01,4877.0,36.0369,1647507600000,39,
2180,35.78,36.62,35.78,36.565,1614021.0,36.2375,1647522000000,21683,
2181,36.56,36.58,36.31,36.39,1787771.0,36.4216,1647536400000,19812,
2182,35.78,36.38,35.61,36.04,7167.0,35.9628,1647594000000,85,
2183,36.24,36.325,35.435,35.77,1553255.0,35.8309,1647608400000,17212,
2184,35.78,36.25,35.44,35.44,4162090.0,36.056,1647622800000,24488,
2185,35.75,35.75,35.75,35.75,200.0,35.7477,1647637200000,5,
2186,36.24,36.27,36.24,36.27,2100.0,36.2413,1647853200000,7,
2187,36.76,36.92,35.62,35.74,1843568.0,35.9137,1647867600000,23647,
2188,35.74,36.45,35.5,35.99,1995211.0,35.7498,1647882000000,23389,
2189,36.11,36.78,35.9,36.27,1113970.0,36.2605,1647954000000,15725,
2190,36.265,36.58,36.26,36.4,1514000.0,36.4123,1647968400000,18404,
2191,36.39,36.39,35.44,35.525,1315680.0,35.8164,1648040400000,18231,
2192,35.52,35.52,34.6,35.09,2510527.0,35.2253,1648054800000,29820,
2193,35.29,35.5,35.2,35.49,2990.0,35.3142,1648112400000,36,
2194,35.49,36.23,35.3,36.22,1189727.0,35.8896,1648126800000,14779,
2195,36.22,36.375,35.92,35.97,2023612.0,36.1068,1648141200000,19845,
2196,36.1,36.1,36.1,36.1,188.0,36.1,1648155600000,2,
2197,35.63,35.96,35.63,35.94,1895.0,35.7715,1648198800000,20,
2198,36.2,36.535,35.949,36.21,1157747.0,36.2684,1648213200000,13392,
2199,36.21,36.555,36.165,36.45,1483684.0,36.3794,1648227600000,14988,
2200,36.34,36.34,35.62,35.99,728677.0,35.9076,1648472400000,10313,
2201,35.985,36.01,35.58,35.93,1306023.0,35.8518,1648486800000,14897,
2202,35.95,36.45,35.92,36.45,11337.0,36.2941,1648544400000,112,
2203,36.68,37.37,36.32,36.995,2067460.0,36.9703,1648558800000,20618,
2204,36.995,37.33,36.9,37.19,1999760.0,37.1202,1648573200000,18330,
2205,36.7,36.97,36.7,36.91,6682.0,36.8385,1648630800000,50,
2206,37.0,37.22,36.62,36.645,1034878.0,36.8911,1648645200000,11431,
2207,36.645,36.77,36.46,36.5,1206619.0,36.559,1648659600000,13772,
2208,36.36,36.46,36.02,36.04,1114597.0,36.2046,1648731600000,13887,
2209,36.03,36.05,35.445,35.45,2081680.0,35.6789,1648746000000,20546,
2210,35.08,35.08,35.08,35.08,120.0,35.0808,1648760400000,2,
2211,35.84,35.91,35.095,35.22,1368039.0,35.3196,1648818000000,15326,
2212,35.21,35.49,35.16,35.46,1259663.0,35.3592,1648832400000,14117,
2213,35.22,35.35,34.58,35.17,916813.0,35.0359,1649077200000,12162,
2214,35.15,35.205,35.01,35.12,1047811.0,35.1154,1649091600000,13608,
2215,34.98,35.34,34.755,34.97,927118.0,35.0123,1649163600000,12556,
2216,34.965,35.1,34.705,34.77,998928.0,34.842,1649178000000,12671,
2217,34.75,34.8,34.31,34.31,2616.0,34.6179,1649235600000,31,
2218,34.72,35.21,34.48,34.81,1680398.0,34.8499,1649250000000,18015,
2219,34.81,34.86,34.34,34.55,1990853.0,34.5245,1649264400000,20846,
2220,34.29,34.29,33.41,33.59,1992083.0,33.7516,1649336400000,15267,
2221,33.58,34.385,33.565,34.09,1942558.0,33.993,1649350800000,18691,
2222,34.07,34.84,33.82,34.47,2057518.0,34.5784,1649422800000,18108,
2223,34.47,34.475,34.025,34.14,2135611.0,34.1584,1649437200000,20910,
2224,33.99,34.54,33.7,34.06,1536523.0,34.2015,1649682000000,17003,
2225,34.07,34.29,33.99,34.13,1343865.0,34.1358,1649696400000,14768,
2226,34.33,34.62,34.065,34.19,936176.0,34.3498,1649768400000,12870,
2227,34.18,34.215,33.805,33.87,1116529.0,33.928,1649782800000,14740,
2228,33.84,34.32,33.84,34.215,1171527.0,34.1385,1649854800000,13499,
2229,34.21,34.385,34.11,34.32,1088581.0,34.245,1649869200000,13037,
2230,34.42,34.81,34.42,34.57,805464.0,34.5543,1649941200000,9946,
2231,34.57,34.645,34.43,34.49,1270351.0,34.5215,1649955600000,10872,
2232,34.44,34.85,34.28,34.4,1276078.0,34.5248,1650286800000,11754,
2233,34.4,34.655,34.39,34.55,1860045.0,34.5286,1650301200000,14077,
2234,34.86,35.37,34.47,35.34,1447225.0,35.0246,1650373200000,14634,
2235,35.34,36.0,35.285,36.0,1790793.0,35.5265,1650387600000,17276,
2236,35.6,35.6,35.5,35.5,500.0,35.56,1650402000000,3,
2237,35.97,37.195,35.78,37.08,2969975.0,36.825,1650459600000,26159,
2238,37.065,37.27,36.835,36.97,2005625.0,37.019,1650474000000,17215,
2239,37.31,37.31,36.471,36.52,1200588.0,36.8029,1650546000000,14675,
2240,36.52,36.56,35.8,35.91,1586428.0,36.1028,1650560400000,15286,
2241,35.8,35.8,35.27,35.31,757463.0,35.5008,1650632400000,11033,
2242,35.32,35.39,34.975,35.05,1225855.0,35.1342,1650646800000,14807,
2243,34.88,34.97,34.88,34.9,2277.0,34.9187,1650877200000,16,
2244,35.08,35.45,34.35,34.74,1352981.0,34.6269,1650891600000,13810,
2245,34.75,35.13,34.6,35.08,1438276.0,34.9473,1650906000000,16444,
2246,35.06,35.07,34.48,34.9,948957.0,34.7084,1650978000000,13638,
2247,34.9,34.9,34.07,34.08,2085248.0,34.353,1650992400000,21121,
2248,34.0,34.08,34.0,34.08,817.0,34.0098,1651050000000,6,
2249,34.4,34.69,33.64,34.34,1659624.0,34.1637,1651064400000,19925,
2250,34.34,34.34,33.915,34.01,1726086.0,34.0942,1651078800000,20149,
2251,34.06,34.06,34.06,34.06,399.0,34.0575,1651093200000,3,
2252,34.0,34.32,34.0,34.21,532.0,34.2156,1651136400000,9,
2253,34.75,35.0,33.53,34.47,1147625.0,34.0318,1651150800000,13242,
2254,34.44,34.69,33.95,34.1,1851526.0,34.1864,1651165200000,19377,
2255,33.97,33.99,32.5,33.18,1456386.0,33.4219,1651237200000,15537,
2256,33.18,33.39,32.5255,32.62,1463310.0,32.9199,1651251600000,15030,
2257,32.63,32.63,32.62,32.62,258.0,32.6254,1651482000000,3,
2258,32.81,32.9358,32.42,32.42,1002615.0,32.6822,1651496400000,11977,
2259,32.435,32.78,32.13,32.75,1467670.0,32.4785,1651510800000,17393,
2260,32.74,32.74,32.74,32.74,107.0,32.7401,1651568400000,2,
2261,32.98,33.39,32.64,33.31,1168377.0,33.0583,1651582800000,14568,
2262,33.31,33.44,32.96,33.21,1345325.0,33.2513,1651597200000,15528,
2263,33.46,33.7,33.12,33.62,1141356.0,33.4237,1651669200000,12320,
2264,33.62,34.45,33.18,34.38,1283888.0,33.9187,1651683600000,16241,
2265,34.03,34.25,32.875,33.23,1034989.0,33.4108,1651755600000,12948,
2266,33.24,33.42,32.73,33.15,1209781.0,33.021,1651770000000,14661,
2267,32.7,33.29,32.2,33.06,980029.0,32.804,1651842000000,12303,
2268,33.06,33.095,32.38,32.78,1344951.0,32.7113,1651856400000,15233,
2269,32.68,32.68,32.38,32.38,701.0,32.4232,1652086800000,7,
2270,32.12,32.65,32.04,32.35,1109111.0,32.3675,1652101200000,13999,
2271,32.36,32.78,32.265,32.47,1823682.0,32.4886,1652115600000,19100,
2272,32.8,33.115,31.33,31.385,1322009.0,32.0491,1652187600000,15572,
2273,31.407,32.26,31.385,31.9,1355411.0,31.9276,1652202000000,14846,
2274,31.86,32.22,31.3,31.31,1308739.0,31.8688,1652274000000,16399,
2275,31.3,31.42,30.85,30.96,1350968.0,31.0739,1652288400000,16130,
2276,31.08,31.385,30.64,31.11,1469109.0,31.0153,1652360400000,18594,
2277,31.12,31.3,30.515,31.29,1965556.0,30.9541,1652374800000,22309,
2278,31.61,32.38,31.51,32.25,1183230.0,32.0071,1652446800000,14935,
2279,32.25,32.39,31.85,32.19,1296569.0,32.073,1652461200000,14175,
2280,32.19,32.25,31.62,31.93,750308.0,31.9357,1652706000000,9576,
2281,31.925,32.15,31.83,31.89,1037395.0,31.9692,1652720400000,12509,
2282,31.89,31.89,31.89,31.89,100.0,31.89,1652734800000,1,
2283,32.29,32.7,32.29,32.49,500.0,32.494,1652778000000,6,
2284,32.52,32.87,32.41,32.785,1196097.0,32.658,1652792400000,14502,
2285,32.785,32.87,32.495,32.82,1031496.0,32.7583,1652806800000,13454,
2286,32.34,32.48,31.565,31.92,1390608.0,31.9973,1652878800000,17677,
2287,31.91,31.91,31.16,31.32,1486607.0,31.3593,1652893200000,16922,
2288,31.09,31.1,31.09,31.1,1605.0,31.0981,1652950800000,5,
2289,30.9,31.33,30.23,30.35,1439931.0,30.6403,1652965200000,18239,
2290,30.345,31.03,30.285,30.71,2485369.0,30.6917,1652979600000,25071,
2291,31.1,31.45,30.35,30.375,1071150.0,30.9536,1653051600000,13809,
2292,30.375,30.71,30.11,30.67,1657115.0,30.4386,1653066000000,20620,
2293,30.92,30.92,30.89,30.89,500.0,30.908,1653282000000,3,
2294,31.01,31.01,30.69,30.73,410.0,30.7827,1653296400000,5,
2295,31.1,31.38,30.56,31.2,1391501.0,31.0325,1653310800000,16114,
2296,31.2,31.36,31.08,31.21,1456362.0,31.2265,1653325200000,15592,
2297,31.0,31.0,30.83,30.83,3989.0,30.8388,1653339600000,11,
2298,30.5,30.8,30.0,30.03,10362.0,30.2733,1653382800000,41,
2299,30.03,30.08,27.665,28.92,4429060.0,28.6275,1653397200000,33710,
2300,28.925,29.67,28.79,29.45,3404864.0,29.2648,1653411600000,25740,
2301,29.49,30.59,29.46,30.42,1606417.0,30.3235,1653483600000,19731,
2302,30.42,30.935,30.34,30.58,1767615.0,30.6813,1653498000000,22763,
2303,31.09,31.09,30.9,31.0,5465.0,31.0303,1653555600000,18,
2304,31.16,31.725,31.06,31.66,1046351.0,31.4373,1653570000000,15099,
2305,31.65,31.795,31.51,31.62,1729479.0,31.6443,1653584400000,19166,
2306,31.81,32.155,31.73,31.935,1340811.0,31.9664,1653656400000,16812,
2307,31.93,32.285,31.845,32.0,1867754.0,32.0743,1653670800000,20180,
2308,32.19,32.2,32.19,32.2,410.0,32.1976,1653987600000,2,
2309,32.16,32.295,31.575,32.25,1737758.0,32.045,1654002000000,18944,
2310,32.25,32.42,32.075,32.23,2746409.0,32.2536,1654016400000,20798,
2311,32.06,32.15,32.06,32.15,300.0,32.1033,1654074000000,3,
2312,32.5,32.67,31.32,31.385,875070.0,31.814,1654088400000,11570,
2313,31.38,31.96,31.35,31.68,1352469.0,31.7305,1654102800000,15633,
2314,31.68,31.68,31.68,31.68,81271.0,31.68,1654117200000,1,
2315,31.65,31.94,31.48,31.88,977563.0,31.7459,1654174800000,11782,
2316,31.875,31.95,31.73,31.91,997516.0,31.8487,1654189200000,11959,
2317,31.55,31.65,31.105,31.37,635690.0,31.2831,1654261200000,9874,
2318,31.375,31.49,30.8,31.06,1601455.0,31.1334,1654275600000,17154,
2319,31.31,31.575,31.15,31.315,802438.0,31.3395,1654520400000,12068,
2320,31.315,31.41,31.18,31.32,1418536.0,31.2952,1654534800000,15876,
2321,31.0,31.4501,30.72,31.29,925061.0,31.1612,1654606800000,12214,
2322,31.295,31.635,31.25,31.61,1192747.0,31.4242,1654621200000,13263,
2323,31.43,31.43,30.76,30.82,700669.0,31.1016,1654693200000,9318,
2324,30.82,30.89,30.67,30.75,1081961.0,30.7635,1654707600000,13071,
2325,30.59,30.855,30.35,30.79,975797.0,30.6459,1654779600000,10963,
2326,30.795,30.82,30.24,30.25,1111076.0,30.4983,1654794000000,12849,
2327,30.35,30.35,30.35,30.35,100.0,30.35,1654808400000,1,
2328,29.35,29.58,28.605,28.79,2165676.0,28.9671,1654866000000,21066,
2329,28.79,29.31,28.635,28.95,1982942.0,28.9579,1654880400000,21107,
2330,27.98,28.62,27.7038,28.27,1679525.0,28.125,1655125200000,19134,
2331,28.28,28.44,27.87,28.01,2076844.0,28.1635,1655139600000,20436,
2332,27.95,28.22,27.555,27.62,1235543.0,27.8592,1655211600000,11956,
2333,27.62,27.87,27.535,27.78,1366828.0,27.7178,1655226000000,14438,
2334,27.78,27.79,27.78,27.79,4000.0,27.7811,1655240400000,6,
2335,27.85,27.85,27.85,27.85,550.0,27.85,1655283600000,1,
2336,28.12,28.378,28.035,28.06,1485603.0,28.2128,1655298000000,17338,
2337,28.06,28.44,27.63,28.05,1723663.0,28.1017,1655312400000,20328,
2338,27.41,27.57,26.695,26.875,1715857.0,26.893,1655384400000,15673,
2339,26.875,26.915,26.43,26.59,3485663.0,26.6256,1655398800000,27997,
2340,26.91,27.25,26.73,26.98,1501621.0,26.9563,1655470800000,12839,
2341,26.985,27.275,26.885,27.05,2405149.0,27.0545,1655485200000,21285,
2342,27.56,27.8,27.22,27.41,1319441.0,27.4746,1655816400000,13568,
2343,27.415,27.465,27.17,27.21,1313280.0,27.2594,1655830800000,13110,
2344,27.16,27.4,26.79,27.21,1960115.0,27.1874,1655902800000,12680,
2345,27.205,27.4,27.13,27.23,1866937.0,27.2686,1655917200000,16221,
2346,27.21,27.21,27.17,27.17,1503.0,27.1867,1655960400000,16,
2347,27.17,27.17,26.86,27.08,10366.0,27.0467,1655974800000,39,
2348,26.97,27.21,26.65,26.66,1519416.0,26.9843,1655989200000,14746,
2349,26.66,27.03,26.59,26.94,2781450.0,26.7792,1656003600000,20510,
2350,27.21,28.21,27.15,27.975,2404231.0,27.9767,1656075600000,18898,
2351,27.97,28.095,27.78,27.98,2080973.0,27.9295,1656090000000,20270,
2352,28.23,28.23,27.7,27.95,1941604.0,27.9191,1656334800000,13853,
2353,27.95,28.045,27.83,28.0,1165513.0,27.9578,1656349200000,12006,
2354,28.31,28.44,27.65,27.82,1534283.0,28.1202,1656421200000,13114,
2355,27.81,27.83,27.45,27.48,906223.0,27.6174,1656435600000,10451,
2356,27.36,27.36,26.805,27.05,4031103.0,26.9047,1656507600000,16972,
2357,27.05,27.46,27.01,27.44,1892562.0,27.2549,1656522000000,13731,
2358,27.44,27.44,27.44,27.44,5689.0,27.44,1656536400000,3,
2359,27.12,27.915,27.04,27.9,1722950.0,27.4888,1656594000000,16643,
2360,27.905,27.995,27.38,27.53,2000750.0,27.6292,1656608400000,18333,
2361,27.47,27.47,27.47,27.47,341.0,27.47,1656666000000,2,
2362,27.45,27.895,27.21,27.41,932785.0,27.4906,1656680400000,13145,
2363,27.405,27.885,27.385,27.81,1142803.0,27.7146,1656694800000,13815,
2364,27.2,27.2,27.12,27.12,5893.0,27.1315,1657011600000,22,
2365,27.03,27.145,26.36,26.965,1860470.0,26.7162,1657026000000,18789,
2366,26.965,27.4,26.95,27.35,1488954.0,27.2523,1657040400000,14140,
2367,27.37,27.61,26.765,26.99,1089836.0,27.076,1657112400000,13232,
2368,27.0,27.435,26.965,27.33,1780516.0,27.2397,1657126800000,17848,
2369,27.56,27.805,27.4,27.795,995299.0,27.6266,1657198800000,11446,
2370,27.795,28.08,27.69,27.89,1561867.0,27.901,1657213200000,15778,
2371,27.83,28.84,27.83,28.4,7043.0,28.2134,1657270800000,19,
2372,28.55,28.555,27.92,28.215,1413669.0,28.3186,1657285200000,15466,
2373,28.21,28.38,28.11,28.18,1543694.0,28.2501,1657299600000,15496,
2374,27.87,28.05,27.68,27.865,1060809.0,27.8518,1657544400000,12164,
2375,27.86,28.09,27.85,28.0,1922460.0,27.9916,1657558800000,17744,
2376,27.96,28.21,27.83,28.1133,2211312.0,28.0115,1657630800000,18317,
2377,28.13,28.19,27.705,27.95,1620685.0,27.934,1657645200000,14666,
2378,27.59,27.945,27.21,27.915,936337.0,27.586,1657717200000,10249,
2379,27.91,28.01,27.71,27.9,990449.0,27.9029,1657731600000,10100,
2380,27.59,27.65,27.02,27.34,1240218.0,27.3903,1657803600000,13616,
2381,27.34,27.635,27.24,27.5,1219870.0,27.4747,1657818000000,12927,
2382,27.9,28.16,27.56,27.965,1189769.0,27.921,1657890000000,12955,
2383,27.97,28.04,27.9,28.02,1231955.0,27.9864,1657904400000,12238,
2384,28.46,28.46,28.38,28.38,3600.0,28.3972,1658134800000,36,
2385,28.29,28.735,28.215,28.59,881159.0,28.5345,1658149200000,11297,
2386,28.5943,28.635,28.33,28.51,1799880.0,28.4677,1658163600000,18270,
2387,28.51,28.51,28.51,28.51,57288.0,28.51,1658178000000,2,
2388,28.96,29.36,28.91,29.36,976372.0,29.123,1658235600000,10547,
2389,29.36,30.25,29.28,30.25,1545154.0,29.584,1658250000000,14964,
2390,30.32,32.38,30.32,32.38,6100.0,31.9544,1658264400000,9,
2391,30.51,31.76,30.4,30.74,18776.0,30.2797,1658307600000,66,
2392,30.66,30.78,29.44,29.905,2879760.0,29.8974,1658322000000,25899,
2393,29.9,30.07,29.65,29.93,2166025.0,29.8893,1658336400000,19197,
2394,29.8,29.95,29.46,29.93,26612.0,29.6967,1658394000000,110,
2395,29.93,30.1,29.0,29.25,1773853.0,29.5023,1658408400000,16051,
2396,29.25,29.26,28.92,29.15,1739918.0,29.0861,1658422800000,15929,
2397,29.25,29.3,29.2,29.29,2800.0,29.2646,1658480400000,21,
2398,29.27,29.77,29.04,29.27,1987513.0,29.2462,1658494800000,19650,
2399,29.26,29.51,29.19,29.49,1392545.0,29.3537,1658509200000,13938,
2400,29.75,29.75,29.75,29.75,3500.0,29.75,1658523600000,2,
2401,29.53,29.785,29.09,29.73,1800359.0,29.5521,1658754000000,17011,
2402,29.735,29.775,29.19,29.19,1813985.0,29.434,1658768400000,16174,
2403,29.15,29.33,28.515,28.695,1208953.0,28.8149,1658840400000,12759,
2404,28.695,28.755,28.55,28.71,1344738.0,28.6643,1658854800000,12025,
2405,28.98,29.15,28.83,29.03,738968.0,29.0441,1658926800000,8667,
2406,29.03,29.61,28.96,29.52,1227705.0,29.3774,1658941200000,13236,
2407,29.54,29.6597,29.09,29.595,1232671.0,29.3677,1659013200000,13916,
2408,29.59,29.885,29.555,29.84,1002359.0,29.7651,1659027600000,10792,
2409,29.76,29.84,29.457,29.63,1059283.0,29.6417,1659099600000,12473,
2410,29.63,29.99,29.6091,29.87,1485922.0,29.8578,1659114000000,14749,
2411,29.8,29.8,29.8,29.8,108.0,29.8,1659344400000,1,
2412,29.81,29.92,29.45,29.805,732641.0,29.7765,1659358800000,9888,
2413,29.805,29.95,29.62,29.89,989685.0,29.8302,1659373200000,10324,
2414,29.67,29.785,29.48,29.71,637369.0,29.6069,1659445200000,8137,
2415,29.713,29.745,29.39,29.39,967121.0,29.5223,1659459600000,10331,
2416,29.63,29.87,29.51,29.835,886367.0,29.7211,1659531600000,10813,
2417,29.85,30.12,29.85,30.02,1254133.0,30.0497,1659546000000,10731,
2418,30.02,30.02,30.02,30.02,140112.0,30.02,1659560400000,1,
2419,29.97,30.14,29.77,29.805,841763.0,29.9155,1659618000000,9570,
2420,29.8,29.875,29.48,29.57,1552187.0,29.6307,1659632400000,13799,
2421,29.18,29.38,28.95,29.02,1595415.0,29.1637,1659704400000,16350,
2422,29.02,29.145,28.875,29.02,1858651.0,28.9669,1659718800000,15231,
2423,29.29,29.82,29.2,29.54,983024.0,29.5655,1659963600000,10725,
2424,29.53,29.59,29.3,29.32,1146143.0,29.4325,1659978000000,10687,
2425,29.31,29.45,28.93,29.0275,1219222.0,29.1077,1660050000000,11452,
2426,29.03,29.135,28.95,29.05,1449419.0,29.0314,1660064400000,13394,
2427,29.58,29.97,29.21,29.925,1129251.0,29.7672,1660136400000,10860,
2428,29.935,29.99,28.6,29.77,1053283.0,29.8548,1660150800000,9177,
2429,29.81,29.81,29.81,29.81,150.0,29.81,1660165200000,1,
2430,30.23,30.36,29.97,30.29,1274816.0,30.1877,1660222800000,13596,
2431,30.3,30.51,30.235,30.37,1233677.0,30.3498,1660237200000,11723,
2432,30.52,30.56,30.11,30.2,758546.0,30.2532,1660309200000,9629,
2433,30.21,30.36,30.164,30.35,937856.0,30.2807,1660323600000,9865,
2434,30.07,30.65,29.97,30.625,876631.0,30.3113,1660568400000,10867,
2435,30.625,30.64,30.505,30.54,878809.0,30.5892,1660582800000,10228,
2436,30.44,30.87,30.44,30.73,1272588.0,30.7519,1660654800000,11049,
2437,30.735,30.885,30.64,30.7,1977034.0,30.7343,1660669200000,15093,
2438,30.67,30.67,29.965,30.17,1153933.0,30.2139,1660741200000,10552,
2439,30.165,30.385,29.92,29.94,1661790.0,30.0839,1660755600000,13150,
2440,29.97,30.075,29.79,29.95,597104.0,29.9494,1660827600000,7873,
2441,29.955,30.18,29.925,30.04,1167047.0,30.062,1660842000000,11440,
2442,30.01,30.165,29.86,30.035,899187.0,29.9759,1660914000000,9109,
2443,30.03,30.23,29.93,30.17,1191269.0,30.0947,1660928400000,12469,
2444,29.62,29.63,28.8,28.885,1011013.0,29.0871,1661173200000,12416,
2445,28.89,28.91,28.67,28.73,1508217.0,28.7791,1661187600000,13318,
2446,28.73,29.085,28.71,28.825,582655.0,28.9055,1661259600000,6911,
2447,28.82,28.875,28.72,28.8,867821.0,28.8105,1661274000000,8410,
2448,28.76,28.905,28.41,28.805,1012336.0,28.7314,1661346000000,9027,
2449,28.805,28.86,28.73,28.79,879877.0,28.794,1661360400000,8708,
2450,28.92,29.3,28.82,29.035,590292.0,29.0967,1661432400000,6246,
2451,29.035,29.33,29.005,29.32,968339.0,29.1899,1661446800000,10677,
2452,29.37,29.51,28.585,28.76,1028748.0,28.8716,1661518800000,11069,
2453,28.76,28.82,28.52,28.54,750863.0,28.6046,1661533200000,9028,
2454,28.29,28.53,28.18,28.475,753881.0,28.3295,1661778000000,6901,
2455,28.47,28.58,28.32,28.33,1077539.0,28.4145,1661792400000,8164,
2456,28.52,28.57,28.095,28.24,723284.0,28.3223,1661864400000,9568,
2457,28.24,28.375,28.14,28.27,975491.0,28.2643,1661878800000,9705,
2458,28.29,28.34,27.81,27.855,1021180.0,28.0264,1661950800000,10149,
2459,27.85,27.94,27.61,27.64,1668824.0,27.7341,1661965200000,12217,
2460,27.61,27.61,27.61,27.61,125.0,27.61,1662008400000,1,
2461,27.38,27.41,27.065,27.2,1080422.0,27.2057,1662037200000,11506,
2462,27.2,27.53,27.1875,27.47,1031443.0,27.4003,1662051600000,10898,
2463,27.86,28.04,27.56,27.59,753652.0,27.7994,1662123600000,9649,
2464,27.59,27.59,27.12,27.23,1033582.0,27.274,1662138000000,12823,
2465,27.585096,27.585096,27.585096,27.585096,6173.0,27.5851,1662152400000,1,
2466,27.47,27.505,26.915,27.2,1085865.0,27.165,1662469200000,11947,
2467,27.19,27.2,26.855,27.0,1198342.0,26.9816,1662483600000,12360,
2468,27.06,27.54,26.96,27.5,1014704.0,27.2795,1662555600000,11891,
2469,27.5,27.77,27.485,27.76,1090161.0,27.6522,1662570000000,12380,
2470,27.43,27.78,27.16,27.63,960591.0,27.5573,1662642000000,11502,
2471,27.63,27.83,27.585,27.71,1089496.0,27.6807,1662656400000,12718,
2472,27.9,28.47,27.9,28.42,777031.0,28.31,1662728400000,8915,
2473,28.42,28.59,28.39,28.55,893838.0,28.5244,1662742800000,9062,
2474,28.7,28.7,28.7,28.7,113.0,28.6997,1662973200000,2,
2475,28.87,29.29,28.7,29.115,1085791.0,29.0517,1662987600000,10236,
2476,29.12,29.19,29.015,29.18,1208831.0,29.1056,1663002000000,11813,
2477,28.48,28.835,28.21,28.43,812449.0,28.4819,1663074000000,9140,
2478,28.425,28.47,27.7,27.8,1734997.0,27.9225,1663088400000,13850,
2479,27.9,27.9,27.26,27.805,982392.0,27.5993,1663160400000,10724,
2480,27.805,27.91,27.42,27.59,1508075.0,27.6157,1663174800000,12247,
2481,27.63,28.13,27.55,27.92,1102089.0,27.9176,1663246800000,12290,
2482,27.93,28.16,27.705,27.82,1083013.0,27.8998,1663261200000,12855,
2483,27.82,27.82,27.82,27.82,930.0,27.82,1663275600000,1,
2484,27.52,27.52,26.955,27.195,1313961.0,27.1918,1663333200000,13331,
2485,27.195,27.475,27.02,27.3,2175619.0,27.2595,1663347600000,18634,
2486,27.04,27.61,27.04,27.425,912583.0,27.3955,1663592400000,9352,
2487,27.43,27.77,27.43,27.69,1580939.0,27.6261,1663606800000,13581,
2488,27.39,27.5,26.83,26.83,1434796.0,27.1132,1663678800000,15665,
2489,26.82,26.94,26.615,26.88,1098390.0,26.7976,1663693200000,10937,
2490,27.09,27.32,26.93,27.135,665831.0,27.1852,1663765200000,7879,
2491,27.13,27.37,26.57,26.57,1406954.0,26.8995,1663779600000,15107,
2492,26.7,26.79,26.35,26.565,1191945.0,26.502,1663851600000,14597,
2493,26.565,26.615,26.25,26.26,1318527.0,26.3971,1663866000000,14649,
2494,25.99,26.16,25.54,25.675,950564.0,25.7597,1663938000000,11610,
2495,25.66,25.83,25.38,25.81,1236459.0,25.6776,1663952400000,13737,
2496,25.68,25.85,25.26,25.43,1125165.0,25.5728,1664197200000,11640,
2497,25.42,25.535,25.19,25.32,1841373.0,25.3566,1664211600000,15357,
2498,25.62,25.805,25.33,25.39,1065692.0,25.6098,1664283600000,12040,
2499,25.39,25.51,25.14,25.44,1651693.0,25.362,1664298000000,15900,
2500,25.44,25.44,25.44,25.44,300.0,25.44,1664312400000,3,
2501,25.62,26.41,25.495,26.22,1796263.0,26.0955,1664370000000,15929,
2502,26.23,26.48,26.19,26.21,2052439.0,26.3341,1664384400000,16074,
2503,25.84,26.05,25.54,25.87,1251913.0,25.7573,1664456400000,11584,
2504,25.87,25.87,25.59,25.65,1741283.0,25.6891,1664470800000,14332,
2505,25.85,26.54,25.79,26.17,1541237.0,26.1975,1664542800000,13477,
2506,26.16,26.19,25.56,25.6,1567508.0,25.8381,1664557200000,14317,
2507,25.94,26.07,25.5523,25.85,1685351.0,25.8845,1664802000000,16877,
2508,25.855,26.305,25.815,26.14,2164747.0,26.128,1664816400000,17814,
2509,26.63,27.125,26.62,26.96,1028285.0,26.9102,1664888400000,13253,
2510,26.9625,27.19,26.825,27.19,1287268.0,27.0363,1664902800000,13287,
2511,26.74,27.005,26.585,26.955,1215772.0,26.7974,1664974800000,12360,
2512,26.955,27.295,26.945,27.24,2003935.0,27.1796,1664989200000,14378,
2513,27.18,27.335,26.855,27.075,1662470.0,27.0909,1665061200000,14691,
2514,27.07,27.135,25.81,25.81,1464727.0,26.9883,1665075600000,11285,
2515,26.59,26.68,26.3,26.4,1000754.0,26.4952,1665147600000,12153,
2516,26.395,26.605,26.325,26.47,1290208.0,26.4543,1665162000000,13777,
2517,26.67,26.77,26.255,26.26,973519.0,26.5244,1665406800000,10069,
2518,26.25,26.57,26.18,26.57,968378.0,26.3959,1665421200000,11568,
2519,26.4,26.4,26.4,26.4,300.0,26.4,1665435600000,3,
2520,26.46,26.76,26.075,26.665,1281132.0,26.3918,1665493200000,10932,
2521,26.67,26.68,26.02,26.17,1280456.0,26.2748,1665507600000,12774,
2522,26.13,26.41,25.86,26.32,1290457.0,26.203,1665579600000,11561,
2523,26.315,26.55,26.27,26.49,2284172.0,26.4657,1665594000000,16836,
2524,26.5,26.5,26.5,26.5,200.0,26.5,1665608400000,1,
2525,26.08,27.27,25.73,27.23,1705240.0,26.659,1665666000000,18063,
2526,27.23,27.585,27.23,27.36,1913971.0,27.4245,1665680400000,16951,
2527,27.35,27.35,27.35,27.35,100.0,27.35,1665723600000,1,
2528,27.74,27.74,27.7,27.7,1023.0,27.7156,1665738000000,5,
2529,27.56,27.9,27.31,27.435,2485081.0,27.5991,1665752400000,22512,
2530,27.4379,27.76,27.43,27.47,3853637.0,27.6119,1665766800000,27506,
2531,27.23,27.23,27.23,27.23,100.0,27.23,1665781200000,1,
2532,27.93,27.93,27.93,27.93,200.0,28.0099,1665997200000,4,
2533,28.09,28.43,27.905,28.27,2279697.0,28.2425,1666011600000,19974,
2534,28.26,28.41,28.205,28.3,1912714.0,28.2965,1666026000000,16543,
2535,29.0,29.5,28.56,28.875,2716285.0,29.0145,1666098000000,20946,
2536,28.88,29.38,28.805,29.3,4188452.0,29.2197,1666112400000,30052,
2537,29.2,29.2,29.2,29.2,124.0,29.2,1666126800000,1,
2538,29.26,29.57,28.415,28.435,2476918.0,28.9434,1666184400000,23158,
2539,28.435,28.65,28.29,28.49,4442942.0,28.4847,1666198800000,27973,
2540,28.38,28.815,28.295,28.315,1730492.0,28.6126,1666270800000,15257,
2541,28.315,28.34,28.0,28.15,2031722.0,28.1571,1666285200000,17330,
2542,27.9,28.15,27.9,28.15,837.0,28.0741,1666342800000,5,
2543,28.15,28.37,26.75,28.12,2655968.0,27.8823,1666357200000,22337,
2544,28.12,28.27,27.95,28.24,2863044.0,28.1497,1666371600000,23571,
2545,28.24,28.24,28.24,28.24,200.0,28.24,1666602000000,1,
2546,28.53,29.22,28.44,29.055,2185686.0,28.8641,1666616400000,22051,
2547,29.06,29.237,28.95,29.2,1737814.0,29.1106,1666630800000,14813,
2548,28.72,29.2301,28.72,29.23,6808.0,29.1281,1666688400000,12,
2549,29.03,29.8,29.03,29.75,1172156.0,29.5066,1666702800000,12683,
2550,29.755,30.15,29.72,29.98,1692954.0,29.9861,1666717200000,15114,
2551,29.97,29.97,29.97,29.97,405.0,29.9682,1666731600000,2,
2552,30.12,30.465,29.95,30.13,1154263.0,30.2398,1666789200000,12133,
2553,30.12,30.29,30.03,30.15,1555712.0,30.1708,1666803600000,16166,
2554,30.38,30.69,29.925,30.015,1204595.0,30.2906,1666875600000,13150,
2555,30.01,30.06,29.455,29.52,1744756.0,29.6477,1666890000000,15976,
2556,29.61,30.11,29.45,30.045,894006.0,29.8035,1666962000000,10275,
2557,30.06,30.35,30.055,30.24,1171353.0,30.2168,1666976400000,12033,
2558,30.04,30.11,29.71,29.77,1478424.0,29.878,1667221200000,14104,
2559,29.78,29.99,29.75,29.79,1673819.0,29.853,1667235600000,16264,
2560,30.0,30.23,30.0,30.23,200.0,30.115,1667293200000,2,
2561,30.1,30.3,29.81,30.05,1415082.0,30.0108,1667307600000,15816,
2562,30.05,30.115,29.8,29.82,1508054.0,29.9108,1667322000000,13638,
2563,29.55,29.65,29.355,29.49,1026679.0,29.4805,1667394000000,10716,
2564,29.49,29.98,29.03,29.08,2866545.0,29.4304,1667408400000,23958,
2565,28.7,28.74,28.27,28.53,1217843.0,28.4592,1667480400000,12588,
2566,28.53,28.81,28.435,28.74,1761534.0,28.6724,1667494800000,12569,
2567,29.24,29.435,28.765,28.92,955285.0,29.1335,1667566800000,11976,
2568,28.9,29.52,28.845,29.5,1326686.0,29.2503,1667581200000,12100,
2569,29.73,29.87,29.245,29.43,1003604.0,29.5444,1667826000000,9821,
2570,29.425,29.93,29.41,29.86,1444439.0,29.7734,1667840400000,15840,
2571,29.86,29.86,29.86,29.86,55576.0,29.86,1667854800000,48,
2572,30.05,30.795,29.955,30.705,2349676.0,30.4481,1667912400000,17185,
2573,30.71,30.755,30.005,30.375,1697980.0,30.4115,1667926800000,17455,
2574,30.37,30.37,30.37,30.37,50703.0,30.37,1667941200000,51,
2575,30.12,30.46,29.89,30.37,1178697.0,30.1471,1667998800000,11621,
2576,30.38,30.605,29.77,29.89,2481345.0,30.1227,1668013200000,21059,
2577,29.9,29.9,29.9,29.9,54950.0,29.9,1668027600000,42,
2578,30.99,31.28,30.69,31.13,846352.0,30.9636,1668085200000,10443,
2579,31.125,31.14,30.77,31.055,1629410.0,30.9799,1668099600000,20267,
2580,31.07,31.07,31.07,31.07,107470.0,31.07,1668114000000,49,
2581,31.15,31.915,31.15,31.885,965336.0,31.6042,1668171600000,10128,
2582,31.88,32.575,31.835,32.52,2525519.0,32.3075,1668186000000,20915,
2583,32.49,32.49,32.49,32.49,56479.0,32.49,1668200400000,40,
2584,32.3,32.77,32.24,32.66,1339102.0,32.4766,1668430800000,11931,
2585,32.66,32.96,32.45,32.46,2572057.0,32.6774,1668445200000,22185,
2586,32.45,32.45,32.45,32.45,56371.0,32.45,1668459600000,41,
2587,32.98,33.275,32.88,33.2,800435.0,33.1066,1668517200000,9920,
2588,33.2,33.205,32.57,32.93,1374797.0,32.8874,1668531600000,17404,
2589,32.92,32.92,32.92,32.92,70636.0,32.9201,1668546000000,43,
2590,32.82,32.97,32.365,32.43,630728.0,32.6917,1668603600000,7974,
2591,32.43,32.58,32.15,32.54,2059094.0,32.3963,1668618000000,21273,
2592,32.54,32.54,32.54,32.54,63687.0,32.54,1668632400000,48,
2593,31.5,31.5,31.5,31.5,150.0,31.5,1668675600000,2,
2594,31.99,32.36,31.8001,32.33,542864.0,32.0168,1668690000000,6060,
2595,32.34,32.84,32.31,32.83,1532136.0,32.6404,1668704400000,17318,
2596,32.81,32.81,32.81,32.81,62316.0,32.81,1668718800000,41,
2597,33.32,33.4681,33.01,33.105,741239.0,33.1554,1668776400000,8196,
2598,33.11,33.175,32.965,33.11,1538557.0,33.0584,1668790800000,15474,
2599,33.1,33.1,33.1,33.1,79501.0,33.1,1668805200000,43,
2600,33.0,33.055,32.84,32.925,653325.0,32.9708,1669035600000,8841,
2601,32.935,33.03,32.76,32.81,1544447.0,32.8596,1669050000000,17097,
2602,32.8,32.8,32.8,32.8,53613.0,32.8,1669064400000,28,
2603,33.01,33.62,32.97,33.575,901648.0,33.4462,1669122000000,9330,
2604,33.565,33.92,33.54,33.84,1612995.0,33.7454,1669136400000,14262,
2605,33.82,33.82,33.82,33.82,51703.0,33.82,1669150800000,45,
2606,33.82,33.82,33.82,33.82,117.0,33.8196,1669194000000,2,
2607,33.8,33.995,33.8,33.92,738385.0,33.8942,1669208400000,7034,
2608,33.915,34.29,33.89,34.22,1101094.0,34.1299,1669222800000,13569,
2609,34.22,34.22,34.0,34.0,58558.0,34.2194,1669237200000,40,
2610,34.2,34.44,34.2,34.415,519138.0,34.3389,1669381200000,5413,
2611,34.415,34.5,34.305,34.5,390534.0,34.4153,1669395600000,3316,
2612,34.11,34.185,33.9,34.145,737074.0,34.094,1669640400000,7718,
2613,34.1425,34.185,33.77,33.89,1456407.0,33.9297,1669654800000,15881,
2614,33.89,33.89,33.89,33.89,46130.0,33.89,1669669200000,41,
2615,33.89,34.225,33.89,34.17,914837.0,34.1129,1669726800000,8775,
2616,34.1775,34.38,34.17,34.31,1886033.0,34.2846,1669741200000,20060,
2617,34.31,34.31,34.31,34.31,252742.0,34.31,1669755600000,43,
2618,33.82,34.03,33.33,33.58,905871.0,33.5252,1669813200000,10694,
2619,33.585,34.37,33.48,34.35,2042973.0,34.003,1669827600000,23307,
2620,34.36,34.36,34.36,34.36,641587.0,34.36,1669842000000,111,
2621,34.4,34.63,34.27,34.565,1034374.0,34.4935,1669899600000,10830,
2622,34.565,34.565,34.27,34.47,1884143.0,34.4305,1669914000000,21391,
2623,34.46,34.46,34.46,34.46,60554.0,34.46,1669928400000,43,
2624,34.0,34.21,33.83,33.885,735128.0,33.9497,1669986000000,9745,
2625,33.885,33.92,33.505,33.69,1229719.0,33.6817,1670000400000,15514,
2626,33.69,33.69,33.69,33.69,55066.0,33.69,1670014800000,38,
2627,33.28,33.35,32.93,33.15,747979.0,33.1376,1670245200000,9965,
2628,33.15,33.36,32.945,33.03,1254171.0,33.1064,1670259600000,16628,
2629,33.03,33.37,33.0008,33.37,40574.0,33.0301,1670274000000,48,
2630,33.06,33.26,32.57,32.62,487876.0,32.899,1670331600000,7881,
2631,32.615,32.715,32.33,32.67,1926822.0,32.5223,1670346000000,20994,
2632,32.68,32.68,32.68,32.68,34551.0,32.68,1670360400000,40,
2633,32.6,32.61,32.06,32.14,1101219.0,32.353,1670418000000,11686,
2634,32.14,32.43,32.04,32.1,2309680.0,32.194,1670432400000,18428,
2635,32.1,32.1,32.1,32.1,51048.0,32.1,1670446800000,54,
2636,32.26,32.41,32.06,32.295,985236.0,32.2953,1670504400000,9384,
2637,32.295,32.3,32.02,32.15,1447430.0,32.1392,1670518800000,17691,
2638,32.15,32.15,32.15,32.15,55224.0,32.15,1670533200000,44,
2639,32.0,32.405,31.84,32.31,632370.0,32.2165,1670590800000,7987,
2640,32.315,32.415,32.06,32.06,823556.0,32.2077,1670605200000,12187,
2641,32.07,32.07,32.07,32.07,46415.0,32.07,1670619600000,51,
2642,32.0,32.48,31.85,32.425,692922.0,32.2349,1670850000000,9078,
2643,32.425,32.87,32.37,32.86,1519266.0,32.6576,1670864400000,17905,
2644,32.86,32.86,32.535153,32.535153,101092.0,32.8581,1670878800000,38,
2645,32.86,32.86,32.86,32.86,156.0,32.86,1670922000000,1,
2646,33.41,33.88,33.205,33.36,1321174.0,33.5185,1670936400000,13988,
2647,33.355,33.535,33.1,33.48,2113102.0,33.3566,1670950800000,21909,
2648,33.48,33.48,33.48,33.48,235297.0,33.48,1670965200000,53,
2649,33.48,34.0711,33.48,33.93,855531.0,33.8182,1671022800000,11061,
2650,33.925,34.08,33.21,33.435,2749467.0,33.5796,1671037200000,25213,
2651,33.45,33.45,33.45,33.45,52122.0,33.45,1671051600000,56,
2652,32.79,33.045,32.53,32.58,1164349.0,32.8124,1671109200000,13458,
2653,32.58,32.74,32.42,32.62,2153210.0,32.5583,1671123600000,20642,
2654,32.62,32.62,32.62,32.62,227183.0,32.62,1671138000000,44,
2655,32.13,32.43,32.07,32.245,1091865.0,32.2236,1671195600000,9813,
2656,32.25,32.61,32.06,32.44,1989960.0,32.3177,1671210000000,22834,
2657,32.46,32.46,32.46,32.46,438137.0,32.4608,1671224400000,100,
2658,32.86,32.87,32.175,32.295,646031.0,32.4388,1671454800000,8239,
2659,32.29,32.31,31.94,32.16,1153622.0,32.1216,1671469200000,14310,
2660,32.17,32.17,32.17,32.17,156096.0,32.17,1671483600000,57,
2661,32.17,32.5,32.12,32.31,534332.0,32.3179,1671541200000,6503,
2662,32.315,32.62,32.21,32.49,1271426.0,32.448,1671555600000,13493,
2663,32.48,32.48,32.48,32.48,90985.0,32.48,1671570000000,57,
2664,32.76,33.1,32.7,32.92,430896.0,32.9208,1671627600000,5341,
2665,32.91,33.005,32.795,32.9,925324.0,32.8875,1671642000000,12005,
2666,32.9,32.9,32.9,32.9,60399.0,32.9,1671656400000,63,
2667,32.56,32.66,32.46,32.51,526019.0,32.5752,1671714000000,6002,
2668,32.515,32.82,32.14,32.8,1382557.0,32.5172,1671728400000,14321,
2669,32.81,32.81,32.81,32.81,38889.0,32.81,1671742800000,34,
2670,32.79,33.245,32.705,33.205,527738.0,32.997,1671800400000,6437,
2671,33.205,33.48,33.145,33.42,1142770.0,33.3071,1671814800000,13238,
2672,33.42,33.42,33.42,33.42,49190.0,33.42,1671829200000,30,
2673,33.26,33.685,33.145,33.63,584779.0,33.4665,1672146000000,7334,
2674,33.64,33.89,33.59,33.6,1608991.0,33.7184,1672160400000,15860,
2675,33.6,33.6,33.6,33.6,48581.0,33.6,1672174800000,24,
2676,34.0,34.0,34.0,34.0,101.0,34.0,1672218000000,1,
2677,33.52,33.79,33.15,33.1591,487820.0,33.4557,1672232400000,6490,
2678,33.15,33.3,32.9,32.9,1027067.0,33.0578,1672246800000,14076,
2679,32.92,32.92,32.92,32.92,44205.0,32.92,1672261200000,38,
2680,33.16,33.685,33.1,33.675,436020.0,33.4441,1672318800000,5807,
2681,33.67,33.76,33.53,33.58,873352.0,33.643,1672333200000,12114,
2682,33.58,33.58,33.58,33.58,48486.0,33.58,1672347600000,23,
2683,33.28,33.47,33.2,33.335,454953.0,33.3242,1672405200000,7544,
2684,33.34,33.375,33.045,33.31,1322938.0,33.2239,1672419600000,18014,
2685,33.31,33.31,33.31,33.31,167993.0,33.31,1672434000000,34,
2686,33.5,34.17,33.5,33.83,844207.0,33.8714,1672750800000,8531,
2687,33.829,33.87,33.53,33.8,1433125.0,33.7338,1672765200000,15335,
2688,33.79,33.79,33.79,33.79,145094.0,33.79,1672779600000,53,
2689,34.0,34.64,34.0,34.62,682729.0,34.3323,1672837200000,8513,
2690,34.62,34.85,34.44,34.7,1859853.0,34.6367,1672851600000,19219,
2691,34.7,34.7,34.38,34.38,72579.0,34.6995,1672866000000,65,
2692,34.82,34.82,34.82,34.82,100.0,34.82,1672909200000,1,
2693,34.82,35.21,34.76,35.09,935956.0,35.0141,1672923600000,10158,
2694,35.09,35.31,34.99,35.225,1552536.0,35.1598,1672938000000,18347,
2695,35.23,35.23,35.23,35.23,47901.0,35.23,1672952400000,41,
2696,35.23,35.8,35.23,35.615,684072.0,35.6475,1673010000000,7163,
2697,35.62,35.835,35.485,35.71,1270175.0,35.7035,1673024400000,13953,
2698,35.7,35.7,35.7,35.7,30305.0,35.7,1673038800000,34,
2699,35.78,35.92,35.64,35.775,504884.0,35.7433,1673269200000,6502,
2700,35.775,35.94,35.355,35.56,1789098.0,35.6076,1673283600000,17946,
2701,35.55,35.55,35.55,35.55,217608.0,35.55,1673298000000,43,
2702,35.56,35.63,35.31,35.42,473063.0,35.4541,1673355600000,6488,
2703,35.42,35.75,35.35,35.68,1024799.0,35.6285,1673370000000,12750,
2704,35.69,35.69,35.69,35.69,155392.0,35.69,1673384400000,40,
2705,35.83,35.86,35.485,35.63,541638.0,35.6728,1673442000000,6849,
2706,35.64,36.0,35.55,35.98,1234448.0,35.8286,1673456400000,14669,
2707,35.98,35.98,35.98,35.98,80515.0,35.98,1673470800000,63,
2708,36.15,36.2,35.97,36.13,575151.0,36.0784,1673528400000,7307,
2709,36.12,36.205,35.785,35.93,1181886.0,35.9645,1673542800000,14100,
2710,35.93,35.93,35.93,35.93,89288.0,35.93,1673557200000,34,
2711,35.6,35.88,35.46,35.865,522383.0,35.6702,1673614800000,6262,
2712,35.865,36.06,35.845,35.96,890507.0,35.9498,1673629200000,12065,
2713,35.96,35.96,35.96,35.96,40578.0,35.96,1673643600000,41,
2714,35.85,35.98,35.395,35.445,663666.0,35.5997,1673960400000,6787,
2715,35.445,35.71,35.421,35.57,1012573.0,35.5681,1673974800000,12882,
2716,35.58,35.58,35.55,35.55,59743.0,35.5797,1673989200000,61,
2717,35.62,35.865,35.41,35.5775,654977.0,35.6675,1674046800000,7581,
2718,35.58,35.735,35.41,35.61,1437822.0,35.5785,1674061200000,15594,
2719,35.61,35.68,35.61,35.64,88779.0,35.6106,1674075600000,63,
2720,35.34,35.54,35.015,35.115,820645.0,35.2138,1674133200000,9827,
2721,35.125,35.43,35.12,35.3,1598644.0,35.3291,1674147600000,18936,
2722,35.3,35.3,35.3,35.3,41439.0,35.3,1674162000000,45,
2723,35.48,35.855,35.2,35.845,698307.0,35.5965,1674219600000,7301,
2724,35.85,36.3,35.83,36.25,1539117.0,36.1084,1674234000000,18445,
2725,36.25,36.25,36.147371,36.25,337322.0,36.1603,1674248400000,39,
2726,36.25,36.69,36.23,36.6212,522378.0,36.4743,1674478800000,6219,
2727,36.625,36.74,36.355,36.51,981290.0,36.5269,1674493200000,13696,
2728,36.51,36.51,36.51,36.51,33017.0,36.51,1674507600000,36,
2729,36.6,36.97,36.2,36.46,725064.0,36.5129,1674565200000,9462,
2730,36.45,36.685,36.28,36.47,1683163.0,36.4635,1674579600000,16111,
2731,36.48,36.48,36.48,36.48,47875.0,36.48,1674594000000,33,
2732,36.41,36.48,36.155,36.28,518942.0,36.3016,1674651600000,6436,
2733,36.28,36.405,36.18,36.3,1698521.0,36.2818,1674666000000,15987,
2734,36.31,36.31,36.31,36.31,64627.0,36.31,1674680400000,55,
2735,36.69,36.69,36.105,36.135,1027332.0,36.3059,1674738000000,10398,
2736,36.13,36.16,35.855,35.98,2424002.0,35.9522,1674752400000,22549,
2737,35.98,35.98,35.98,35.98,48115.0,35.98,1674766800000,45,
2738,35.91,35.91,35.91,35.91,900.0,35.91,1674810000000,2,
2739,35.98,36.11,35.59,35.82,1141765.0,35.7796,1674824400000,9489,
2740,35.815,35.915,35.73,35.78,1235393.0,35.8146,1674838800000,13161,
2741,35.79,35.79,35.79,35.79,269179.0,35.79,1674853200000,40,
2742,35.56,36.03,35.51,35.84,697952.0,35.8456,1675083600000,7481,
2743,35.83,36.09,35.74,35.95,1338067.0,35.9583,1675098000000,14417,
2744,35.95,35.95,35.94,35.94,77801.0,35.95,1675112400000,51,
2745,36.1,36.2,35.98,36.105,613881.0,36.0934,1675170000000,6865,
2746,36.105,36.46,36.09,36.46,2258756.0,36.273,1675184400000,17776,
2747,36.46,36.46,36.46,36.46,1963187.0,36.46,1675198800000,75,
2748,36.34,36.71,36.22,36.505,569217.0,36.5502,1675256400000,6814,
2749,36.5,37.25,36.34,37.08,1580144.0,36.8029,1675270800000,18147,
2750,37.07,37.07,37.07,37.07,48901.0,37.07,1675285200000,68,
2751,37.46,37.56,37.42,37.56,961.0,37.4588,1675328400000,8,
2752,37.28,38.28,37.21,38.155,1226496.0,37.9144,1675342800000,12898,
2753,38.16,38.905,38.155,38.78,3013984.0,38.725,1675357200000,26893,
2754,38.77,38.77,38.77,38.77,74039.0,38.77,1675371600000,56,
2755,38.7,38.7,38.7,38.7,750.0,38.7,1675414800000,2,
2756,38.64,39.52,38.46,39.28,1771470.0,39.1674,1675429200000,15654,
2757,39.28,39.49,38.93,39.11,2202720.0,39.1729,1675443600000,21420,
2758,39.11,39.11,39.11,39.11,62374.0,39.11,1675458000000,55,
2759,38.91,39.425,38.89,39.21,1676467.0,39.1874,1675688400000,16010,
2760,39.22,39.495,39.17,39.32,2169381.0,39.3311,1675702800000,23095,
2761,39.33,39.33,39.33,39.33,184193.0,39.33,1675717200000,56,
2762,39.16,39.33,38.66,38.695,1214144.0,38.9559,1675774800000,12222,
2763,38.695,39.225,38.48,38.94,2505558.0,38.9089,1675789200000,22989,
2764,38.96,38.96,38.96,38.96,63422.0,38.96,1675803600000,47,
2765,38.87,39.42,38.59,38.765,1739863.0,39.0779,1675861200000,17160,
2766,38.76,38.91,38.105,38.18,3472762.0,38.3991,1675875600000,31564,
2767,38.17,38.17,37.8,37.8,87703.0,38.1696,1675890000000,68,
2768,37.4,37.44,35.5,36.01,3692.0,36.4625,1675933200000,38,
2769,36.0,39.22,36.0,36.8,2256402.0,37.1874,1675947600000,24803,
2770,36.79,37.29,36.43,37.12,3519654.0,36.9277,1675962000000,36681,
2771,37.12,37.12,37.12,37.12,60335.0,37.12,1675976400000,58,
2772,35.93,35.93,35.85,35.85,1000.0,35.8596,1676019600000,4,
2773,36.49,37.43,36.49,37.0101,984171.0,37.0088,1676034000000,11082,
2774,37.015,37.305,36.885,37.13,2387398.0,37.1381,1676048400000,22848,
2775,37.13,37.13,37.13,37.13,213975.0,37.1301,1676062800000,59,
2776,37.15,37.225,36.67,37.19,1093428.0,36.9365,1676293200000,11152,
2777,37.2,37.61,37.125,37.55,1409110.0,37.4218,1676307600000,16198,
2778,37.54,37.54,37.54,37.54,97594.0,37.54,1676322000000,46,
2779,34.61,37.81,34.61,37.455,615102.0,37.5345,1676379600000,8239,
2780,37.4575,37.805,37.45,37.6,1365956.0,37.6513,1676394000000,17302,
2781,37.58,37.58,37.57,37.57,115279.0,37.58,1676408400000,57,
2782,37.25,37.495,37.25,37.405,653818.0,37.3991,1676466000000,7519,
2783,37.41,37.515,37.28,37.485,1197739.0,37.4365,1676480400000,16278,
2784,37.48,37.48,37.48,37.48,130782.0,37.48,1676494800000,60,
2785,36.92,37.385,36.89,37.345,618600.0,37.2031,1676552400000,6660,
2786,37.35,37.49,37.13,37.2,1208396.0,37.2894,1676566800000,14563,
2787,37.2,37.2,37.2,37.2,83353.0,37.2,1676581200000,48,
2788,37.24,37.435,37.102,37.19,552236.0,37.2631,1676638800000,6270,
2789,37.19,37.45,37.17,37.355,743687.0,37.33,1676653200000,9957,
2790,37.36,37.36,37.36,37.36,147126.0,37.3601,1676667600000,64,
2791,37.03,37.17,36.675,36.84,901487.0,36.9046,1676984400000,9897,
2792,36.83,36.905,36.545,36.58,1699215.0,36.685,1676998800000,16677,
2793,36.58,36.58,36.58,36.58,138719.0,36.58,1677013200000,48,
2794,36.58,36.8699,36.55,36.81,500103.0,36.7498,1677070800000,6987,
2795,36.81,37.03,36.45,36.52,1357159.0,36.6792,1677085200000,18005,
2796,36.52,36.52,36.52,36.52,81375.0,36.52,1677099600000,65,
2797,36.71,36.815,36.515,36.52,704608.0,36.688,1677157200000,7549,
2798,36.52,36.76,36.4,36.665,1246786.0,36.6277,1677171600000,13803,
2799,36.65,36.9,36.65,36.89,35643.0,36.6534,1677186000000,51,
2800,36.26,36.355,35.95,36.23,796132.0,36.1204,1677243600000,7935,
2801,36.24,36.38,35.99,36.21,1265128.0,36.1907,1677258000000,15248,
2802,36.21,36.21,36.21,36.21,36508.0,36.21,1677272400000,55,
2803,36.44,36.55,36.245,36.34,1063191.0,36.3788,1677502800000,10259,
2804,36.34,36.34,35.86,35.95,1784977.0,36.1,1677517200000,19076,
2805,35.95,35.95,35.95,35.95,56395.0,35.95,1677531600000,37,
2806,35.64,35.93,35.51,35.56,1227979.0,35.6701,1677589200000,11072,
2807,35.5621,35.675,35.42,35.54,1560270.0,35.5505,1677603600000,16672,
2808,35.54,35.54,35.54,35.54,508700.0,35.5399,1677618000000,97,
2809,35.43,35.84,35.2427,35.69,1211316.0,35.6117,1677675600000,12647,
2810,35.69,35.81,35.45,35.57,2340422.0,35.6032,1677690000000,24737,
2811,35.57,35.57,35.39,35.39,54733.0,35.5692,1677704400000,53,
2812,35.51,35.52,34.94,35.195,935533.0,35.1454,1677762000000,9117,
2813,35.2,35.685,35.195,35.66,1277728.0,35.5225,1677776400000,13977,
2814,35.65,35.65,35.65,35.65,108302.0,35.65,1677790800000,50,
2815,35.65,35.65,35.65,35.65,378.0,35.65,1677834000000,1,
2816,35.8,35.82,35.32,35.675,732827.0,35.569,1677848400000,8675,
2817,35.68,35.76,35.58,35.7,1382498.0,35.6623,1677862800000,15117,
2818,35.7,35.7,35.7,35.7,62956.0,35.7,1677877200000,61,
2819,35.72,35.935,35.67,35.775,661027.0,35.828,1678107600000,9746,
2820,35.78,35.86,35.39,35.63,1381231.0,35.5629,1678122000000,15565,
2821,35.64,35.64,35.64,35.64,28606.0,35.64,1678136400000,30,
2822,35.66,35.775,35.315,35.4,715823.0,35.5126,1678194000000,8892,
2823,35.395,35.47,34.9,34.96,1685945.0,35.0832,1678208400000,20135,
2824,34.96,34.96,34.96,34.96,50053.0,34.96,1678222800000,71,
2825,35.07,35.21,34.82,35.03,749329.0,35.0151,1678280400000,8861,
2826,35.04,35.045,34.645,34.95,1291661.0,34.8498,1678294800000,17078,
2827,34.95,34.95,34.95,34.95,62246.0,34.95,1678309200000,39,
2828,35.19,35.22,34.38,34.52,833083.0,34.5991,1678366800000,8770,
2829,34.52,34.59,34.21,34.26,1300223.0,34.3742,1678381200000,16520,
2830,34.25,34.25,34.25,34.25,61141.0,34.25,1678395600000,53,
2831,34.19,34.34,33.72,34.055,859800.0,34.097,1678453200000,12081,
2832,34.055,34.19,33.52,33.76,2097304.0,33.8195,1678467600000,23035,
2833,33.77,33.77,33.77,33.77,66520.0,33.77,1678482000000,35,
2834,33.3,33.91,33.01,33.38,2413063.0,33.4999,1678712400000,23176,
2835,33.38,33.735,33.2,33.21,2455892.0,33.4215,1678726800000,23924,
2836,33.92,34.0458,33.645,33.685,1254297.0,33.8617,1678798800000,13668,
2837,33.68,34.04,33.35,34.02,2395202.0,33.7644,1678813200000,20491,
2838,33.38,33.48,32.66,32.815,2022835.0,32.941,1678885200000,22178,
2839,32.805,33.27,32.8,33.22,3167883.0,33.1189,1678899600000,26377,
2840,32.75,33.66,32.61,33.65,2255587.0,33.2544,1678971600000,18420,
2841,33.65,34.09,33.65,34.05,2909359.0,33.9435,1678986000000,20271,
2842,33.75,33.75,33.27,33.72,2211326.0,33.5747,1679058000000,20354,
2843,33.73,33.86,33.595,33.73,3997541.0,33.7355,1679072400000,29832,
2844,33.73,33.73,33.73,33.73,1602.0,33.73,1679086800000,1,
2845,33.9,34.81,33.85,34.7,1393266.0,34.5618,1679317200000,15354,
2846,34.71,34.95,34.69,34.71,2271869.0,34.8127,1679331600000,19284,
2847,35.17,35.445,35.16,35.23,925094.0,35.3034,1679403600000,11968,
2848,35.225,35.42,35.08,35.39,949807.0,35.2788,1679418000000,10632,
2849,35.51,35.52,34.985,34.99,743544.0,35.2398,1679490000000,9507,
2850,35.0,35.405,34.46,34.48,1774236.0,34.9846,1679504400000,18660,
2851,34.64,34.64,34.62,34.63,1526.0,34.6303,1679562000000,9,
2852,34.65,35.52,34.53,35.21,1362875.0,35.2593,1679576400000,14726,
2853,35.205,35.27,34.66,35.03,1920615.0,34.993,1679590800000,19049,
2854,34.65,34.925,34.37,34.885,2709648.0,34.692,1679662800000,19268,
2855,34.89,35.065,34.735,35.04,1681404.0,34.9471,1679677200000,17784,
2856,35.48,35.7,35.18,35.58,961466.0,35.423,1679922000000,12200,
2857,35.59,35.87,35.49,35.51,1380915.0,35.6631,1679936400000,15454,
2858,35.41,35.745,35.315,35.33,1338715.0,35.4859,1680008400000,13549,
2859,35.33,35.355,35.175,35.24,1290819.0,35.2523,1680022800000,13013,
2860,35.15,35.15,35.02,35.02,814.0,35.036,1680066000000,4,
2861,34.99,35.0,34.92,34.92,2141.0,34.9426,1680080400000,21,
2862,34.92,35.365,34.9,35.13,1914250.0,35.0868,1680094800000,15648,
2863,35.12,35.345,35.1,35.32,1321102.0,35.2592,1680109200000,13346,
2864,35.94,36.35,35.85,36.09,3798.0,36.0617,1680152400000,39,
2865,36.13,36.22,35.9,36.01,6209.0,36.1002,1680166800000,21,
2866,36.14,36.5025,36.02,36.28,1495666.0,36.3227,1680181200000,15299,
2867,36.285,36.51,36.14,36.46,1822409.0,36.3653,1680195600000,16310,
2868,36.79,36.79,36.79,36.79,276.0,36.7876,1680253200000,3,
2869,36.65,37.17,36.59,37.1,1022599.0,36.9266,1680267600000,11286,
2870,37.11,37.305,37.045,37.24,1485844.0,37.192,1680282000000,14654,
2871,37.32,37.32,37.32,37.32,135.0,37.32,1680512400000,1,
2872,37.22,37.518,37.17,37.455,1114767.0,37.3599,1680526800000,13061,
2873,37.45,37.69,37.345,37.57,2113444.0,37.5716,1680541200000,18910,
2874,37.57,37.57,37.57,37.57,100.0,37.57,1680555600000,1,
2875,37.75,37.96,37.19,37.3,1191472.0,37.5443,1680613200000,12446,
2876,37.29,37.45,37.24,37.43,1302591.0,37.3224,1680627600000,12672,
2877,37.4,37.4,37.4,37.4,100.0,37.4,1680685200000,1,
2878,37.1,37.2,36.165,36.665,2122558.0,36.5716,1680699600000,22532,
2879,36.66,37.05,36.615,37.03,2023139.0,36.8543,1680714000000,17636,
2880,37.03,37.03,37.03,37.03,1300.0,37.03,1680728400000,1,
2881,36.9,37.12,36.615,37.03,1207593.0,36.9208,1680786000000,13866,
2882,37.035,37.04,36.75,36.99,2399599.0,36.8834,1680800400000,18991,
2883,36.71,37.185,36.62,36.905,780309.0,36.9218,1681131600000,9962,
2884,36.91,37.07,36.87,37.07,1560890.0,36.9929,1681146000000,9771,
2885,37.14,37.685,37.02,37.4278,1309568.0,37.3651,1681218000000,13629,
2886,37.42,37.53,37.205,37.27,1399376.0,37.3669,1681232400000,13822,
2887,37.5,37.71,37.285,37.7,785591.0,37.5143,1681304400000,10008,
2888,37.7,37.84,37.325,37.45,1416124.0,37.5248,1681318800000,13929,
2889,37.65,37.72,37.335,37.705,787795.0,37.5211,1681390800000,9297,
2890,37.71,38.01,37.615,37.97,2139932.0,37.8925,1681405200000,17061,
2891,37.59,38.035,37.59,37.695,1584728.0,37.7708,1681477200000,16497,
2892,37.695,37.92,37.61,37.88,1819540.0,37.7989,1681491600000,15804,
2893,37.94,38.155,37.7,37.815,1628952.0,37.893,1681736400000,16824,
2894,37.815,38.1,37.72,38.07,1527025.0,37.9384,1681750800000,13882,
2895,38.39,38.63,38.32,38.455,1171082.0,38.4716,1681822800000,12266,
2896,38.45,38.48,38.285,38.41,1719811.0,38.4025,1681837200000,13664,
2897,38.38,38.38,37.44,37.525,2198242.0,37.7206,1681909200000,22172,
2898,37.53,37.69,37.34,37.49,2029707.0,37.5247,1681923600000,19150,
2899,37.2,37.46,37.135,37.325,1238922.0,37.2752,1681995600000,13814,
2900,37.325,37.35,37.14,37.3,2236550.0,37.2555,1682010000000,21680,
2901,37.35,37.35,36.88,37.16,960938.0,37.0898,1682082000000,11871,
2902,37.165,37.505,37.155,37.5,7138616.0,37.4559,1682096400000,22049,
2903,37.54,37.68,37.215,37.295,1093852.0,37.3977,1682341200000,12636,
2904,37.3,37.42,37.21,37.37,1448738.0,37.3108,1682355600000,16670,
2905,37.2,37.2,37.2,37.2,150.0,37.2,1682413200000,2,
2906,37.12,37.23,36.745,37.04,974791.0,37.0035,1682427600000,13543,
2907,37.045,37.15,36.885,37.0,1570788.0,37.0083,1682442000000,17793,
2908,36.95,36.95,36.0,36.27,5795.0,36.1981,1682456400000,5,
2909,36.91,37.23,36.815,37.185,2505232.0,37.0313,1682514000000,22202,
2910,37.185,37.2,36.53,36.55,3248316.0,36.769,1682528400000,27739,
2911,35.0,35.0,35.0,35.0,200.0,35.0,1682586000000,1,
2912,35.0,35.73,34.01,34.085,2900413.0,34.6063,1682600400000,28483,
2913,34.09,35.23,33.9,35.21,2786289.0,34.8365,1682614800000,26086,
2914,34.2,34.2,34.2,34.2,117.0,34.2,1682672400000,1,
2915,34.77,35.9,34.76,35.715,1779062.0,35.5487,1682686800000,20606,
2916,35.72,35.9075,35.655,35.73,1974264.0,35.7779,1682701200000,17612,
2917,35.75,36.39,35.7,36.155,1396836.0,36.1611,1682946000000,16635,
2918,36.155,36.36,36.045,36.15,1708440.0,36.1973,1682960400000,18368,
2919,36.08,36.13,35.23,35.725,2744839.0,35.6453,1683032400000,25800,
2920,35.73,35.835,35.61,35.64,2537452.0,35.7152,1683046800000,23094,
2921,35.76,35.91,35.425,35.51,1893021.0,35.6252,1683118800000,19065,
2922,35.515,35.54,34.585,34.66,4616416.0,34.9614,1683133200000,44030,
2923,33.95,34.36,33.38,34.185,3809263.0,33.9834,1683205200000,35591,
2924,34.185,34.41,34.155,34.22,1735093.0,34.2545,1683219600000,18291,
2925,34.22,34.22,34.22,34.22,520.0,34.22,1683277200000,1,
2926,34.65,35.375,34.6,35.21,1860515.0,35.1051,1683291600000,17749,
2927,35.21,35.64,35.21,35.59,1686880.0,35.5207,1683306000000,16977,
2928,35.8,36.125,35.675,36.125,1500010.0,35.8894,1683550800000,17075,
2929,36.13,36.23,36.045,36.13,1400663.0,36.1441,1683565200000,14440,
2930,36.08,36.195,35.875,36.09,1459730.0,36.0592,1683637200000,14547,
2931,36.085,36.115,35.82,35.84,2072217.0,36.0033,1683651600000,17738,
2932,36.08,36.25,35.625,35.885,2215030.0,35.8781,1683723600000,22550,
2933,35.88,35.935,35.56,35.86,2077558.0,35.8271,1683738000000,20004,
2934,36.49,36.49,35.65,36.155,3603465.0,36.1355,1683810000000,35921,
2935,36.155,36.32,36.07,36.26,3328102.0,36.2041,1683824400000,27006,
2936,36.13,36.76,36.13,36.58,2516513.0,36.5153,1683896400000,23739,
2937,36.57,36.85,36.49,36.77,2783978.0,36.6488,1683910800000,24846,
2938,36.7,36.82,35.65,36.165,1823082.0,36.0715,1684155600000,21952,
2939,36.17,36.235,35.77,35.95,1785609.0,35.967,1684170000000,19183,
2940,35.49,36.225,35.26,36.2,1136072.0,35.9774,1684242000000,13246,
2941,36.21,36.31,36.1,36.18,1487417.0,36.2031,1684256400000,14169,
2942,36.21,36.82,36.05,36.82,958445.0,36.5503,1684328400000,11679,
2943,36.815,37.19,36.81,37.1,1643887.0,37.0266,1684342800000,17279,
2944,37.98,38.36,37.3,37.865,2957871.0,37.8442,1684414800000,25870,
2945,37.875,38.44,37.735,38.41,2330100.0,38.1521,1684429200000,24141,
2946,38.5,38.5,38.5,38.5,128.0,38.5,1684443600000,1,
2947,38.54,38.83,38.43,38.66,2026363.0,38.6316,1684501200000,22761,
2948,38.665,38.7,38.44,38.58,2307351.0,38.5866,1684515600000,21542,
2949,38.71,38.84,38.16,38.47,1228719.0,38.4492,1684760400000,17653,
2950,38.465,38.77,38.44,38.6,1434984.0,38.6013,1684774800000,19830,
2951,38.52,39.08,38.44,38.745,2339237.0,38.7816,1684846800000,25698,
2952,38.75,38.85,38.38,38.39,3047637.0,38.6067,1684861200000,26234,
2953,38.07,38.24,37.435,37.61,1876725.0,37.6148,1684933200000,23584,
2954,37.62,37.8385,37.495,37.61,1929801.0,37.6573,1684947600000,19259,
2955,37.61,37.61,37.61,37.61,1500.0,37.61,1684962000000,1,
2956,37.56,37.81,37.26,37.38,1851922.0,37.5405,1685019600000,16926,
2957,37.39,37.605,37.32,37.49,2348151.0,37.4774,1685034000000,17832,
2958,37.49,37.49,37.49,37.49,566.0,37.49,1685048400000,1,
2959,37.69,37.81,37.36,37.73,1452458.0,37.616,1685106000000,17375,
2960,37.735,37.835,37.6,37.71,1198677.0,37.7335,1685120400000,14400,
2961,37.89,38.5,37.73,38.155,2157438.0,38.1969,1685451600000,21811,
2962,38.16,38.36,38.0,38.28,2315469.0,38.2415,1685466000000,21493,
2963,38.21,38.42,37.235,37.685,3053140.0,37.7386,1685538000000,29099,
2964,37.685,37.81,37.14,37.19,4117003.0,37.454,1685552400000,34154,
2965,37.47,37.915,37.07,37.865,2065225.0,37.5968,1685624400000,19777,
2966,37.86,37.96,37.625,37.75,2315773.0,37.7491,1685638800000,23098,
2967,37.9,38.725,37.86,38.65,3215289.0,38.5015,1685710800000,34558,
2968,38.645,38.81,38.55,38.67,4839696.0,38.6791,1685725200000,38124,
2969,38.57,38.57,38.47,38.47,606.0,38.4907,1685955600000,5,
2970,38.09,38.21,37.79,37.955,3126450.0,38.0127,1685970000000,28945,
2971,37.955,38.01,37.54,37.54,3759256.0,37.9214,1685984400000,32648,
2972,37.96,37.96,37.96,37.96,2310.0,37.96,1685998800000,1,
2973,37.84,38.2388,37.73,38.075,5947730.0,38.0722,1686056400000,39500,
2974,38.07,38.53,38.07,38.5,4130954.0,38.2742,1686070800000,27415,
2975,38.5,39.82,38.5,39.78,2653579.0,39.3712,1686142800000,28757,
2976,39.775,39.9,39.52,39.61,2370247.0,39.7333,1686157200000,26941,
2977,39.65,39.65,39.65,39.65,125.0,39.65,1686214800000,2,
2978,39.66,39.9,39.395,39.875,1562914.0,39.6484,1686229200000,20029,
2979,39.875,39.9,39.67,39.86,1765551.0,39.8004,1686243600000,19856,
2980,39.86,39.86,39.86,39.86,3407.0,39.86,1686258000000,1,
2981,39.91,40.05,39.37,39.505,1741981.0,39.6656,1686315600000,19603,
2982,39.5,39.68,39.42,39.68,1789684.0,39.553,1686330000000,19525,
2983,39.68,39.83,39.345,39.585,1627333.0,39.5761,1686574800000,15534,
2984,39.585,39.99,39.45,39.96,2087744.0,39.8009,1686589200000,18404,
2985,39.77,40.37,39.75,40.32,1507216.0,40.0836,1686661200000,17687,
2986,40.315,40.325,40.005,40.21,2195458.0,40.1477,1686675600000,18880,
2987,40.21,40.21,40.21,40.21,12687.0,40.21,1686690000000,1,
2988,40.46,40.95,40.37,40.65,1798424.0,40.7394,1686747600000,16982,
2989,40.65,40.655,39.845,40.14,2046596.0,40.1937,1686762000000,21984,
2990,40.0,40.0,40.0,40.0,121.0,39.9993,1686819600000,3,
2991,40.03,40.33,39.985,40.11,1511477.0,40.1295,1686834000000,17128,
2992,40.105,40.7,39.99,40.22,1609755.0,40.5057,1686848400000,16786,
2993,40.59,40.59,40.59,40.59,130.0,40.5887,1686906000000,2,
2994,40.54,40.64,40.18,40.345,1626689.0,40.4021,1686920400000,16150,
2995,40.345,40.35,39.85,40.04,1840501.0,40.0299,1686934800000,17058,
2996,39.87,40.3,39.565,39.75,1311057.0,39.8543,1687266000000,16451,
2997,39.75,39.8,39.45,39.45,1295829.0,39.5578,1687280400000,16228,
2998,38.56,39.3,38.56,39.3,800.0,39.112,1687294800000,10,
2999,39.45,39.87,39.24,39.69,1026280.0,39.68,1687352400000,13439,
3000,39.69,39.99,39.52,39.99,989758.0,39.6464,1687366800000,13332,
3001,39.62,39.8,38.75,38.95,1266554.0,39.1323,1687438800000,17751,
3002,38.95,39.0,38.76,38.97,1367470.0,38.9051,1687453200000,18064,
3003,38.65,38.93,38.465,38.725,1347918.0,38.7258,1687525200000,17060,
3004,38.73,38.74,38.365,38.48,1892455.0,38.5208,1687539600000,18648,
3005,38.48,38.48,38.48,38.48,584.0,38.48,1687554000000,1,
3006,38.54,39.04,38.54,38.92,921640.0,38.8538,1687784400000,12519,
3007,38.93,39.19,38.925,38.96,1232709.0,39.0517,1687798800000,14017,
3008,38.96,38.96,38.96,38.96,576.0,38.96,1687813200000,1,
3009,38.94,39.63,38.94,39.595,1649735.0,39.3944,1687870800000,12582,
3010,39.6,39.805,39.23,39.25,2738477.0,39.393,1687885200000,20607,
3011,39.25,39.25,38.54,38.79,1182261.0,38.9362,1687957200000,15718,
3012,38.795,38.93,38.76,38.84,1251073.0,38.8622,1687971600000,13293,
3013,38.83,39.03,38.8,38.81,8532.0,38.8665,1688029200000,56,
3014,38.65,38.83,38.49,38.58,1436033.0,38.6693,1688043600000,17953,
3015,38.58,38.595,38.0,38.09,2028847.0,38.196,1688058000000,21701,
3016,38.59,38.59,38.59,38.59,104.0,38.5826,1688115600000,3,
3017,38.42,38.45,38.155,38.235,1296035.0,38.2968,1688130000000,16645,
3018,38.23,38.66,38.17,38.58,3517829.0,38.4964,1688144400000,24069,
3019,38.62,39.06,38.495,38.96,1279093.0,38.8538,1688389200000,17505,
3020,38.95,38.95,38.95,38.95,7680.0,38.95,1688403600000,15,
3021,38.63,38.63,38.07,38.24,1294363.0,38.2834,1688562000000,13932,
3022,38.24,38.39,38.145,38.23,1432417.0,38.2819,1688576400000,13777,
3023,37.92,38.2,37.77,37.905,1257689.0,37.9489,1688648400000,16052,
3024,37.91,38.14,37.85,38.05,2225125.0,38.0138,1688662800000,16493,
3025,38.87,38.87,38.87,38.87,400.0,38.87,1688677200000,1,
3026,37.87,38.33,37.82,38.325,977782.0,38.1316,1688734800000,12448,
3027,38.325,38.36,37.93,37.94,1352753.0,38.1381,1688749200000,14763,
3028,37.85,38.28,37.82,38.205,1031598.0,38.0615,1688994000000,13425,
3029,38.205,38.22,38.04,38.13,1553578.0,38.1271,1689008400000,13974,
3030,38.25,38.95,38.17,38.85,1116597.0,38.65,1689080400000,13819,
3031,38.855,38.87,38.665,38.85,1092159.0,38.7863,1689094800000,12525,
3032,39.6942,39.6942,38.71,38.74,1060914.0,38.9187,1689166800000,15821,
3033,38.735,38.84,38.565,38.62,1233889.0,38.6807,1689181200000,14941,
3034,38.82,39.47,38.77,39.37,941883.0,39.2176,1689253200000,13276,
3035,39.365,39.46,39.235,39.409,1302507.0,39.3539,1689267600000,14421,
3036,39.24,39.4,39.01,39.185,1137251.0,39.1586,1689339600000,14345,
3037,39.18,39.53,39.115,39.32,1823349.0,39.374,1689354000000,18150,
3038,39.23,40.175,39.06,40.01,1624117.0,39.7142,1689598800000,20374,
3039,40.005,40.405,39.985,40.29,2091851.0,40.2535,1689613200000,22041,
3040,40.18,40.85,40.125,40.81,1896136.0,40.6534,1689685200000,24075,
3041,40.81,40.905,38.53,39.5,2265004.0,40.7745,1689699600000,23618,
3042,39.35,39.55,37.98,38.0,16049.0,38.4734,1689714000000,62,
3043,38.53,38.53,38.53,38.53,100.0,38.53,1689742800000,1,
3044,38.97,39.0,38.3,38.45,12102.0,38.5541,1689757200000,73,
3045,38.5,39.51,37.84,37.84,4475187.0,38.5443,1689771600000,46940,
3046,37.845,38.015,37.52,37.66,3397438.0,37.7206,1689786000000,31912,
3047,37.66,37.79,37.66,37.79,910.0,37.6771,1689800400000,5,
3048,37.5,37.51,37.5,37.51,695.0,37.5298,1689843600000,5,
3049,37.5,38.005,37.5,37.795,3189509.0,37.8326,1689858000000,28511,
3050,37.8,38.115,37.66,37.92,4461554.0,37.9116,1689872400000,33128,
3051,37.92,38.63,37.92,38.63,588.0,38.3818,1689886800000,7,
3052,36.97,37.0,34.0,34.67,24612.0,34.8477,1689930000000,236,
3053,34.6,35.29,33.07,33.295,8961274.0,33.782,1689944400000,67964,
3054,33.29,33.405,32.75,33.08,8968837.0,33.0875,1689958800000,57671,
3055,33.06,33.0821,33.0,33.05,16060.0,33.0163,1689973200000,82,
3056,32.87,32.87,32.41,32.45,12877.0,32.5237,1690189200000,123,
3057,32.5,32.51,31.38,32.19,4854695.0,32.0314,1690203600000,41159,
3058,32.18,32.78,32.0,32.78,3743606.0,32.3128,1690218000000,28932,
3059,32.8,32.8,32.41,32.41,1047.0,32.7516,1690232400000,3,
3060,32.65,32.85,32.65,32.67,1819.0,32.6966,1690275600000,5,
3061,32.59,32.78,31.95,32.02,2206111.0,32.21,1690290000000,23998,
3062,32.025,32.16,31.885,32.08,3086737.0,32.0428,1690304400000,28282,
3063,32.15,32.15,32.0,32.0,215.0,32.0698,1690362000000,2,
3064,32.27,32.665,32.12,32.66,1513740.0,32.3764,1690376400000,16952,
3065,32.67,32.905,32.66,32.81,2672715.0,32.7795,1690390800000,25751,
3066,33.0,33.0,33.0,33.0,200.0,33.0,1690448400000,1,
3067,33.1,33.769,32.86,33.76,2765411.0,33.4116,1690462800000,27733,
3068,33.77,33.78,33.22,33.45,2948187.0,33.4236,1690477200000,26929,
3069,33.81,33.81,33.81,33.81,100.0,33.81,1690534800000,1,
3070,33.81,33.81,32.94,33.38,1690535.0,33.3142,1690549200000,21001,
3071,33.37,33.42,33.22,33.3,2196278.0,33.3012,1690563600000,21699,
3072,33.48,34.31,33.43,34.05,2590202.0,34.0327,1690808400000,28862,
3073,34.055,34.35,34.02,34.23,5219152.0,34.2058,1690822800000,29921,
3074,34.14,34.3,33.645,33.785,2390929.0,33.9054,1690894800000,23660,
3075,33.785,34.0,33.685,33.96,2368977.0,33.8908,1690909200000,21441,
3076,33.96,33.96,33.96,33.96,3249.0,33.96,1690923600000,1,
3077,33.79,33.95,33.56,33.945,2104756.0,33.7654,1690981200000,21427,
3078,33.95,33.995,33.625,33.79,2745752.0,33.7939,1690995600000,21605,
3079,33.72,33.9,33.175,33.43,1934144.0,33.4661,1691067600000,21552,
3080,33.43,33.54,33.18,33.19,1926866.0,33.3449,1691082000000,17751,
3081,33.05,33.05,33.05,33.05,200.0,33.05,1691139600000,2,
3082,33.21,35.24,32.98,34.19,5105729.0,34.17,1691154000000,48100,
3083,34.2,34.23,33.765,33.93,2127565.0,33.9351,1691168400000,19939,
3084,34.51,34.51,34.51,34.51,100.0,34.51,1691384400000,1,
3085,34.0,34.0,34.0,34.0,315.0,33.9995,1691398800000,4,
3086,34.09,34.27,33.79,34.1,1566435.0,34.0998,1691413200000,19190,
3087,34.1,34.22,33.975,34.05,2193916.0,34.092,1691427600000,17940,
3088,33.71,33.77,33.2712,33.375,1765020.0,33.4741,1691499600000,19278,
3089,33.37,33.47,33.29,33.3,2207184.0,33.363,1691514000000,18327,
3090,33.21,33.46,33.03,33.275,1345033.0,33.2555,1691586000000,18840,
3091,33.28,33.515,33.195,33.29,1548423.0,33.3551,1691600400000,19376,
3092,33.29,33.29,33.29,33.29,123379.0,33.29,1691614800000,2,
3093,33.3,33.59,33.145,33.165,984668.0,33.3878,1691672400000,13003,
3094,33.165,33.345,33.13,33.27,1839877.0,33.2297,1691686800000,20488,
3095,33.07,33.228,33.0,33.09,1415166.0,33.1334,1691758800000,18703,
3096,33.08,33.26,33.05,33.13,1873477.0,33.1572,1691773200000,22051,
3097,33.06,33.11,32.62,32.875,1333902.0,32.7609,1692018000000,16765,
3098,32.875,33.01,32.73,32.99,1468497.0,32.9101,1692032400000,14602,
3099,32.92,32.92,32.27,32.555,1651512.0,32.591,1692104400000,19311,
3100,32.555,32.77,32.54,32.62,1392852.0,32.6711,1692118800000,15762,
3101,32.33,32.805,32.32,32.34,905854.0,32.5369,1692190800000,13575,
3102,32.345,32.4,32.165,32.3,1192730.0,32.2833,1692205200000,17202,
3103,32.3,32.3,32.3,32.3,82319.0,32.3,1692219600000,1,
3104,32.48,32.525,32.28,32.405,868063.0,32.3705,1692277200000,11270,
3105,32.41,32.41,31.98,31.99,988016.0,32.1194,1692291600000,13088,
3106,31.72,32.355,31.65,32.325,766183.0,32.164,1692363600000,11914,
3107,32.33,32.475,32.24,32.35,1136332.0,32.3475,1692378000000,13963,
3108,32.39,32.58,31.885,31.935,771004.0,32.094,1692622800000,10211,
3109,31.95,32.345,31.91,32.29,1061482.0,32.2153,1692637200000,12523,
3110,32.22,32.445,32.095,32.19,779698.0,32.2391,1692709200000,11018,
3111,32.195,32.36,32.1,32.26,1292270.0,32.2445,1692723600000,13727,
3112,32.28,32.68,32.27,32.535,592528.0,32.5275,1692795600000,8709,
3113,32.53,32.75,32.52,32.6442,685085.0,32.6458,1692810000000,10373,
3114,32.76,33.02,32.415,32.435,824686.0,32.7241,1692882000000,10672,
3115,32.44,32.465,32.28,32.31,774724.0,32.3579,1692896400000,11153,
3116,32.57,32.63,32.02,32.32,728388.0,32.2366,1692968400000,10496,
3117,32.32,32.45,32.135,32.33,866926.0,32.3071,1692982800000,11576,
3118,32.48,32.85,32.435,32.5592,910835.0,32.5979,1693227600000,10748,
3119,32.57,32.59,32.29,32.54,1342658.0,32.4323,1693242000000,13723,
3120,32.6,32.77,32.37,32.765,728803.0,32.5453,1693314000000,10159,
3121,32.765,32.855,32.6733,32.83,864481.0,32.78,1693328400000,10877,
3122,32.87,33.2,32.85,33.105,716819.0,33.0822,1693400400000,8718,
3123,33.1,33.12,32.64,32.92,1082465.0,32.9428,1693414800000,13112,
3124,32.68,32.76,32.37,32.48,704449.0,32.5794,1693486800000,11662,
3125,32.485,32.63,32.425,32.61,1403100.0,32.5625,1693501200000,15031,
3126,32.9,32.94,32.33,32.43,861601.0,32.5696,1693573200000,13034,
3127,32.43,32.65,32.35,32.6,1240463.0,32.5181,1693587600000,13608,
3128,32.7,32.7,32.32,32.39,832566.0,32.4597,1693918800000,12650,
3129,32.39,32.39,32.17,32.18,944653.0,32.2635,1693933200000,13439,
3130,32.08,32.45,31.98,32.215,854959.0,32.2933,1694005200000,11703,
3131,32.215,32.625,32.17,32.4,1491127.0,32.4361,1694019600000,15477,
3132,32.31,32.44,31.925,32.165,739473.0,32.0797,1694091600000,11516,
3133,32.16,32.255,31.96,32.04,1221286.0,32.0649,1694106000000,14281,
3134,31.9,31.9,31.9,31.9,100.0,31.9,1694120400000,1,
3135,32.11,32.11,31.785,31.825,667591.0,31.8924,1694178000000,11414,
3136,31.82,31.86,31.63,31.75,1205057.0,31.7272,1694192400000,14676,
3137,31.96,32.43,31.92,32.135,807508.0,32.1537,1694437200000,11210,
3138,32.135,32.17,31.86,31.94,1117061.0,31.971,1694451600000,13945,
3139,31.75,32.09,31.68,31.9,673949.0,31.8799,1694523600000,10297,
3140,31.9,32.05,31.765,31.92,976048.0,31.9244,1694538000000,12292,
3141,32.07,32.13,30.815,30.93,2196372.0,31.2931,1694610000000,22722,
3142,30.935,30.975,30.435,30.64,3576036.0,30.7166,1694624400000,31573,
3143,30.87,31.34,30.81,31.265,1727178.0,31.1235,1694696400000,18706,
3144,31.265,31.37,31.02,31.05,2311007.0,31.1519,1694710800000,20365,
3145,31.05,31.05,31.05,31.05,700.0,31.05,1694768400000,7,
3146,30.96,31.13,30.71,30.765,1321980.0,30.9377,1694782800000,13509,
3147,30.76,30.7688,30.55,30.74,2370128.0,30.6933,1694797200000,20195,
3148,30.74,30.81,30.74,30.81,5900.0,30.7459,1694811600000,8,
3149,30.6,30.6,30.17,30.39,6412.0,30.4529,1695027600000,41,
3150,30.42,30.585,30.045,30.435,1284781.0,30.3794,1695042000000,14886,
3151,30.44,30.695,30.415,30.45,1359407.0,30.5188,1695056400000,14592,
3152,30.43,30.565,30.175,30.255,751966.0,30.3323,1695128400000,10968,
3153,30.26,30.445,30.195,30.29,1007914.0,30.3156,1695142800000,12949,
3154,30.3,30.3,30.3,30.3,198.0,30.2997,1695200400000,2,
3155,30.33,30.46,30.21,30.315,1157215.0,30.3261,1695214800000,13893,
3156,30.31,30.31,29.72,29.82,2183657.0,29.9221,1695229200000,20519,
3157,29.61,29.61,29.6,29.6,500.0,29.604,1695286800000,2,
3158,29.85,29.875,29.545,29.555,1015860.0,29.6762,1695301200000,13073,
3159,29.555,29.68,29.3,29.31,1646863.0,29.4249,1695315600000,18820,
3160,29.55,29.55,29.045,29.075,888397.0,29.2275,1695387600000,11802,
3161,29.08,29.16,28.81,28.85,1866438.0,28.924,1695402000000,17923,
3162,28.73,28.73,28.72,28.72,361.0,28.7212,1695632400000,4,
3163,28.73,29.19,28.69,29.03,1284596.0,28.9289,1695646800000,14684,
3164,29.03,29.055,28.78,28.88,1552682.0,28.897,1695661200000,17411,
3165,28.51,28.86,28.491,28.655,1381657.0,28.7309,1695733200000,15761,
3166,28.65,28.66,28.265,28.4,2014119.0,28.4131,1695747600000,20819,
3167,28.4,28.4,28.4,28.4,694.0,28.4,1695762000000,1,
3168,28.59,28.65,28.43,28.59,1489630.0,28.5419,1695819600000,14762,
3169,28.58,28.905,28.435,28.73,1427685.0,28.7216,1695834000000,15515,
3170,28.8,28.8,28.8,28.8,300.0,28.8,1695891600000,3,
3171,28.75,29.19,28.75,29.08,1099660.0,28.9977,1695906000000,13633,
3172,29.0857,29.105,28.86,28.95,1253251.0,28.9535,1695920400000,13500,
3173,29.23,29.23,29.23,29.23,100.0,29.23,1695963600000,1,
3174,29.2,29.2,29.18,29.18,450.0,29.1889,1695978000000,2,
3175,29.04,29.17,28.73,28.82,1318147.0,28.87,1695992400000,16011,
3176,28.81,28.81,28.48,28.66,3185631.0,28.5927,1696006800000,29410,
3177,28.87,28.98,28.43,28.47,1731966.0,28.6073,1696251600000,18974,
3178,28.465,28.855,28.455,28.65,1750411.0,28.6714,1696266000000,18058,
3179,28.36,28.635,28.19,28.26,1208718.0,28.3414,1696338000000,15897,
3180,28.27,28.325,28.08,28.19,1538075.0,28.1695,1696352400000,17364,
3181,28.2,28.26,27.89,28.12,1577757.0,28.0799,1696424400000,19395,
3182,28.12,28.48,28.105,28.45,1948033.0,28.3169,1696438800000,19869,
3183,28.4,28.52,28.19,28.3,1043950.0,28.3211,1696510800000,12975,
3184,28.3,28.42,28.21,28.35,1857904.0,28.3289,1696525200000,15912,
3185,28.24,29.24,28.19,29.105,2637991.0,28.9353,1696597200000,23994,
3186,29.105,29.43,29.05,29.14,2775744.0,29.2652,1696611600000,26647,
3187,29.12,29.17,28.81,29.08,1371691.0,28.9654,1696856400000,12993,
3188,29.085,29.405,29.08,29.32,1381113.0,29.3246,1696870800000,13812,
3189,29.5,29.57,29.2,29.415,1173741.0,29.3924,1696942800000,12257,
3190,29.41,29.49,29.275,29.42,1271502.0,29.3977,1696957200000,12746,
3191,29.41,29.54,28.995,29.02,995936.0,29.2697,1697029200000,12566,
3192,29.02,29.22,28.91,29.14,1775988.0,29.0968,1697043600000,15738,
3193,29.16,29.16,29.16,29.16,126.0,29.1601,1697058000000,2,
3194,29.32,29.32,29.32,29.32,1000.0,29.32,1697086800000,3,
3195,29.32,29.32,29.31,29.32,2891.0,29.318,1697101200000,12,
3196,29.22,29.54,29.065,29.28,1573101.0,29.2687,1697115600000,14376,
3197,29.27,29.275,28.975,29.21,1759756.0,29.137,1697130000000,15853,
3198,29.19,29.205,28.77,28.855,1269967.0,28.9589,1697202000000,14569,
3199,28.85,28.88,28.7,28.87,1180802.0,28.8042,1697216400000,14249,
3200,29.06,29.59,28.94,29.54,1164352.0,29.3643,1697461200000,14012,
3201,29.531,29.79,29.41,29.77,2229112.0,29.6824,1697475600000,20396,
3202,29.73,30.49,29.61,30.42,1480070.0,30.1956,1697547600000,17619,
3203,30.425,30.45,29.95,30.02,2063435.0,30.1032,1697562000000,17857,
3204,30.0,30.01,29.95,30.01,2435.0,29.9878,1697576400000,7,
3205,30.01,30.01,30.01,30.01,104.0,30.0104,1697619600000,2,
3206,29.61,29.83,29.03,29.11,2051560.0,29.3117,1697634000000,21749,
3207,29.105,29.335,28.9,29.03,2628953.0,29.0283,1697648400000,24053,
3208,28.87,29.13,28.46,28.905,2384700.0,28.8294,1697720400000,25251,
3209,28.905,29.0,28.43,28.54,3352324.0,28.6437,1697734800000,29609,
3210,28.61,28.61,28.61,28.61,309.0,28.61,1697749200000,1,
3211,28.62,28.62,26.95,27.34,1514.0,27.7069,1697792400000,23,
3212,27.4,29.08,27.2,27.975,6946295.0,27.9341,1697806800000,44029,
3213,27.975,28.05,27.55,27.69,3934122.0,27.8133,1697821200000,28414,
3214,27.68,28.51,27.53,28.51,4318694.0,28.2361,1698066000000,27363,
3215,28.51,28.53,28.2,28.2,3260234.0,28.3383,1698080400000,22949,
3216,28.45,28.61,27.78,27.855,1949875.0,28.088,1698152400000,20104,
3217,27.86,28.115,27.855,27.9,2054733.0,27.9814,1698166800000,16198,
3218,27.42,27.74,27.42,27.74,1062.0,27.5104,1698181200000,4,
3219,27.88,27.93,27.68,27.775,1789072.0,27.806,1698238800000,17858,
3220,27.775,27.905,27.685,27.69,2457742.0,27.773,1698253200000,20435,
3221,27.69,27.69,27.69,27.69,153.0,27.6912,1698267600000,2,
3222,27.66,28.135,27.59,27.99,2291254.0,27.999,1698325200000,23411,
3223,27.99,28.02,27.75,27.82,2889452.0,27.8973,1698339600000,20572,
3224,27.79,27.945,27.61,27.781,1419078.0,27.7845,1698411600000,15281,
3225,27.785,27.815,27.54,27.56,2029584.0,27.6471,1698426000000,18830,
3226,27.56,27.56,27.56,27.56,112.0,27.56,1698440400000,2,
3227,27.73,28.045,27.68,27.83,1956103.0,27.8284,1698670800000,19644,
3228,27.84,28.1156,27.84,27.96,3112855.0,27.9986,1698685200000,26806,
3229,27.97,28.49,27.97,28.37,1513952.0,28.284,1698757200000,17550,
3230,28.365,28.45,28.3025,28.4,1902723.0,28.3905,1698771600000,15995,
3231,28.42,28.49,28.005,28.01,958424.0,28.2319,1698843600000,10735,
3232,28.02,28.37,27.84,28.35,2077479.0,28.1481,1698858000000,19535,
3233,28.35,28.35,28.35,28.35,185444.0,28.35,1698872400000,2,
3234,28.4,29.01,28.39,28.925,1174515.0,28.8209,1698930000000,14111,
3235,28.925,29.2,28.919,29.08,1793372.0,29.0927,1698944400000,17006,
3236,29.45,30.02,29.45,30.02,1080744.0,29.7778,1699016400000,12255,
3237,30.02,30.025,29.24,29.76,1258598.0,29.8183,1699030800000,13527,
3238,29.64,29.73,29.395,29.455,697864.0,29.4955,1699275600000,6668,
3239,29.45,29.53,29.34,29.41,1379116.0,29.4333,1699290000000,14549,
3240,29.41,29.41,29.41,29.41,40944.0,29.41,1699304400000,61,
3241,29.26,29.385,29.175,29.235,460928.0,29.2867,1699362000000,5474,
3242,29.23,29.23,29.01,29.09,1322602.0,29.084,1699376400000,14495,
3243,29.09,29.09,29.09,29.09,36349.0,29.09,1699390800000,44,
3244,29.0,29.33,29.0,29.099,842367.0,29.1537,1699448400000,8432,
3245,29.09,29.095,28.87,28.99,1595647.0,28.9521,1699462800000,15729,
3246,28.86,28.98,28.86,28.98,36994.0,28.9761,1699477200000,52,
3247,29.15,29.15,28.765,28.9,634950.0,28.8948,1699534800000,8002,
3248,28.89,28.97,28.55,28.63,1239082.0,28.6917,1699549200000,15306,
3249,28.64,28.64,28.5,28.5,96057.0,28.6395,1699563600000,48,
3250,28.6,28.92,28.27,28.875,994369.0,28.6823,1699621200000,10986,
3251,28.88,29.11,28.87,28.985,1181911.0,29.0043,1699635600000,15803,
3252,28.98,28.98,28.98,28.98,80216.0,28.98,1699650000000,41,
3253,28.78,28.92,28.545,28.895,1082680.0,28.709,1699880400000,9453,
3254,28.895,28.92,28.601,28.73,1337546.0,28.7448,1699894800000,15336,
3255,28.73,28.73,28.73,28.73,49480.0,28.73,1699909200000,56,
3256,29.25,29.885,29.06,29.75,815973.0,29.6405,1699966800000,10473,
3257,29.74,29.905,29.63,29.88,1494579.0,29.7946,1699981200000,19205,
3258,29.87,29.87,29.87,29.87,56972.0,29.87,1699995600000,59,
3259,29.88,30.29,29.74,30.17,1025850.0,30.1386,1700053200000,11191,
3260,30.17,30.33,30.125,30.23,2652729.0,30.2334,1700067600000,27417,
3261,30.24,30.24,30.24,30.24,130185.0,30.24,1700082000000,50,
3262,30.24,30.485,29.865,29.895,1150613.0,30.1247,1700139600000,12435,
3263,29.89,29.96,29.74,29.83,2137894.0,29.826,1700154000000,22977,
3264,29.83,29.83,29.83,29.83,34409.0,29.83,1700168400000,43,
3265,29.83,30.155,29.83,29.97,705766.0,30.001,1700226000000,7807,
3266,29.96,30.35,29.96,30.35,1328011.0,30.2147,1700240400000,16615,
3267,30.34,30.34,30.34,30.34,124225.0,30.34,1700254800000,61,
3268,30.47,30.58,30.09,30.515,1085979.0,30.3818,1700485200000,10354,
3269,30.52,30.68,30.47,30.51,1477108.0,30.5848,1700499600000,16869,
3270,30.51,30.51,30.51,30.51,52693.0,30.51,1700514000000,37,
3271,30.33,30.45,30.23,30.285,586664.0,30.3071,1700571600000,9187,
3272,30.29,30.405,30.205,30.23,966614.0,30.2892,1700586000000,13588,
3273,30.23,30.23,30.23,30.23,38509.0,30.23,1700600400000,41,
3274,30.46,30.655,30.17,30.565,624229.0,30.5349,1700658000000,7742,
3275,30.57,30.57,30.26,30.47,966206.0,30.4041,1700672400000,13152,
3276,30.47,30.47,30.47,30.47,27854.0,30.47,1700686800000,28,
3277,30.55,30.69,30.295,30.45,600113.0,30.4734,1700830800000,7593,
3278,30.45,30.62,30.425,30.62,277105.0,30.5341,1700845200000,3948,
3279,30.4,30.5,30.3,30.465,734035.0,30.4108,1701090000000,7799,
3280,30.46,30.54,30.3325,30.34,1079362.0,30.4415,1701104400000,14924,
3281,30.35,30.35,30.35,30.35,44037.0,30.35,1701118800000,46,
3282,30.35,30.35,30.05,30.315,618298.0,30.229,1701176400000,8216,
3283,30.31,30.325,30.0925,30.18,1275432.0,30.2094,1701190800000,14613,
3284,30.18,30.18,30.18,30.18,39588.0,30.18,1701205200000,43,
3285,30.28,31.09,30.28,30.71,905717.0,30.5748,1701262800000,9957,
3286,30.7135,30.9,30.6,30.64,1768437.0,30.7498,1701277200000,20755,
3287,30.64,30.64,30.64,30.64,38141.0,30.64,1701291600000,49,
3288,30.58,30.745,30.28,30.595,684768.0,30.5606,1701349200000,8350,
3289,30.595,30.795,30.465,30.75,1487320.0,30.6499,1701363600000,18076,
3290,30.74,30.74,30.74,30.74,440505.0,30.7403,1701378000000,65,
3291,30.74,30.74,30.74,30.74,105.0,30.7405,1701421200000,2,
3292,30.76,31.055,30.46,30.97,1042148.0,30.861,1701435600000,11101,
3293,30.97,31.36,30.97,31.31,2061162.0,31.2417,1701450000000,23468,
3294,31.31,31.31,31.31,31.31,37802.0,31.31,1701464400000,42,
3295,31.21,31.805,31.1,31.665,1319389.0,31.6111,1701694800000,12563,
3296,31.67,31.72,31.37,31.5,1489781.0,31.4872,1701709200000,16625,
3297,31.5,31.5,31.5,31.5,51424.0,31.5,1701723600000,52,
3298,31.26,31.43,30.875,30.925,787144.0,31.0448,1701781200000,9649,
3299,30.93,30.9686,30.5601,30.82,2042241.0,30.835,1701795600000,22787,
3300,30.82,30.82,30.82,30.82,69608.0,30.82,1701810000000,52,
3301,30.82,31.555,30.82,31.4,1025284.0,31.3691,1701867600000,10364,
3302,31.4,31.43,31.02,31.15,1967024.0,31.2171,1701882000000,20771,
3303,31.14,31.14,31.14,31.14,50152.0,31.14,1701896400000,38,
3304,31.26,31.33,30.7,30.9,1506891.0,30.9012,1701954000000,14964,
3305,30.9,31.045,30.67,30.81,2895863.0,30.8131,1701968400000,24123,
3306,30.83,30.83,30.83,30.83,69889.0,30.83,1701982800000,61,
3307,30.83,31.01,30.685,30.97,923462.0,30.8781,1702040400000,9527,
3308,30.97,31.31,30.885,31.22,1506152.0,31.1153,1702054800000,16383,
3309,31.22,31.22,31.22,31.22,26603.0,31.22,1702069200000,46,
3310,31.0,31.0,30.99,30.99,1450.0,30.9907,1702285200000,16,
3311,30.99,31.92,30.99,31.84,1675669.0,31.7598,1702299600000,16351,
3312,31.84,31.845,31.475,31.6,2724078.0,31.6493,1702314000000,24755,
3313,31.6,31.6,31.6,31.6,198795.0,31.6,1702328400000,44,
3314,31.54,31.62,31.31,31.48,1011468.0,31.4823,1702386000000,11388,
3315,31.48,31.555,31.21,31.33,1874022.0,31.3528,1702400400000,18431,
3316,31.33,31.33,31.33,31.33,57759.0,31.33,1702414800000,47,
3317,31.31,31.33,30.99,31.085,828732.0,31.1706,1702472400000,9438,
3318,31.085,31.56,30.83,31.51,1942920.0,31.2847,1702486800000,22523,
3319,31.5,31.5,31.5,31.5,63404.0,31.5,1702501200000,42,
3320,31.71,32.405,31.71,32.39,1601262.0,32.1913,1702558800000,14497,
3321,32.4,32.76,32.345,32.74,3734441.0,32.5491,1702573200000,33488,
3322,32.74,32.74,32.74,32.74,41198.0,32.74,1702587600000,41,
3323,32.73,33.525,32.58,33.31,3175912.0,33.0781,1702645200000,23954,
3324,33.31,33.34,32.85,32.86,2761719.0,33.1101,1702659600000,28907,
3325,32.85,32.85,32.85,32.85,263538.0,32.85,1702674000000,51,
3326,32.74,32.995,32.51,32.795,1282695.0,32.8133,1702904400000,12831,
3327,32.8,32.845,32.375,32.71,1523965.0,32.6222,1702918800000,17444,
3328,32.7,32.7,32.7,32.7,96996.0,32.7,1702933200000,38,
3329,32.88,33.12,32.78,32.815,561661.0,32.9618,1702990800000,7195,
3330,32.805,33.03,32.765,32.985,951508.0,32.9244,1703005200000,12867,
3331,32.98,32.98,32.98,32.98,21786.0,32.98,1703019600000,47,
3332,32.89,33.085,32.78,33.045,533657.0,32.9712,1703077200000,6559,
3333,33.04,33.09,32.44,32.51,1254711.0,32.7412,1703091600000,15717,
3334,32.51,32.51,32.51,32.51,20840.0,32.51,1703106000000,41,
3335,32.8,32.9,32.58,32.69,540688.0,32.7504,1703163600000,6108,
3336,32.68,33.0,32.425,32.97,1499770.0,32.7337,1703178000000,16627,
3337,32.97,32.97,32.97,32.97,39282.0,32.97,1703192400000,37,
3338,33.11,33.13,32.85,32.9125,702057.0,33.0179,1703250000000,7427,
3339,32.912,32.96,32.67,32.85,1099472.0,32.8514,1703264400000,12444,
3340,32.86,32.86,32.86,32.86,20397.0,32.86,1703278800000,28,
3341,33.0,33.095,32.75,33.07,657479.0,32.994,1703595600000,7131,
3342,33.065,33.23,33.0601,33.12,611585.0,33.1583,1703610000000,8004,
3343,33.11,33.11,33.11,33.11,70121.0,33.11,1703624400000,26,
3344,33.05,33.19,32.94,33.005,462001.0,33.09,1703682000000,5944,
3345,33.0,33.135,32.825,32.955,1090587.0,32.9436,1703696400000,13302,
3346,32.95,32.95,32.95,32.95,20590.0,32.95,1703710800000,23,
3347,32.92,33.065,32.8,32.83,412198.0,32.945,1703768400000,5797,
3348,32.84,32.96,32.775,32.94,1123011.0,32.8751,1703782800000,12972,
3349,32.94,32.94,32.94,32.94,37470.0,32.9411,1703797200000,28,
3350,32.94,32.95,32.41,32.445,743893.0,32.6514,1703854800000,9000,
3351,32.445,32.67,32.355,32.63,1624613.0,32.5161,1703869200000,19815,
3352,32.64,32.64,32.64,32.64,61138.0,32.64,1703883600000,32,
