,open,high,low,close,volume,vwap,timestamp,transactions,otc
0,94.41,94.98,93.85,94.68,711569.0,94.5756,1550552400000,7406,
1,94.56,95.3293,94.15,94.79,969572.0,94.913,1550638800000,8147,
2,94.83,95.235,94.38,95.0,560267.0,94.8431,1550725200000,6507,
3,95.28,96.11,94.89,95.75,497211.0,95.6096,1550811600000,6398,
4,96.2,97.0599,95.47,95.57,626746.0,96.0015,1551070800000,6635,
5,95.11,95.79,94.85,95.27,1291917.0,95.2547,1551157200000,7581,
6,94.71,95.17,94.06,94.94,428154.0,94.5913,1551243600000,5061,
7,94.87,94.87,93.85,93.89,555179.0,94.1104,1551330000000,5477,
8,94.25,94.9,93.555,94.83,589917.0,94.5246,1551416400000,6544,
9,95.0,95.5,93.35,94.26,527393.0,94.2823,1551675600000,7038,
10,94.43,94.93,93.7,93.84,628233.0,94.0513,1551762000000,6329,
11,93.98,94.33,93.21,93.21,609030.0,93.566,1551848400000,6023,
12,92.83,92.83,91.16,91.73,678108.0,91.8914,1551934800000,8318,
13,90.8,92.36,90.53,92.3,478612.0,91.9131,1552021200000,6477,
14,92.56,94.76,92.37,94.71,893194.0,94.0974,1552276800000,8427,
15,95.07,96.12,94.625,95.99,697895.0,95.7647,1552363200000,7704,
16,96.35,97.4,96.16,96.97,823706.0,96.9319,1552449600000,6866,
17,96.78,97.0,96.1,96.62,580648.0,96.6337,1552536000000,5293,
18,96.88,97.82,96.4461,97.82,1238372.0,97.6154,1552622400000,6486,
19,97.62,98.02,96.31,97.03,647809.0,97.1108,1552881600000,6829,
20,97.46,98.22,97.03,97.55,627482.0,97.6634,1552968000000,6255,
21,97.36,97.8,96.5125,97.17,823076.0,97.1576,1553054400000,7492,
22,97.33,99.29,97.25,98.58,733883.0,98.6615,1553140800000,7567,
23,98.42,98.62,95.84,95.87,693482.0,96.5136,1553227200000,7955,
24,95.98,96.0,94.8,95.66,499777.0,95.5175,1553486400000,6388,
25,96.47,96.76,95.23,95.7,1037708.0,95.7511,1553572800000,6276,
26,96.02,96.02,93.77,94.2,569476.0,94.5649,1553659200000,6139,
27,94.72,95.52,94.52,95.11,625085.0,95.0423,1553745600000,6042,
28,95.83,96.67,95.49,96.37,1080055.0,96.1059,1553832000000,7866,
29,97.27,98.89,97.05,98.62,675305.0,98.0784,1554091200000,7512,
30,98.6,99.8,98.17,99.27,579007.0,99.0144,1554177600000,6780,
31,99.98,101.06,99.45,100.5,740327.0,100.4506,1554264000000,8067,
32,100.71,100.94,100.045,100.56,585847.0,100.5475,1554350400000,6442,
33,100.95,101.179,100.37,100.79,555890.0,100.7934,1554436800000,5937,
34,100.54,102.07,99.18,101.99,945140.0,101.1317,1554696000000,8787,
35,101.67,102.12,101.32,101.97,609256.0,101.852,1554782400000,7428,
36,102.04,104.52,101.9668,104.05,1007865.0,103.7937,1554868800000,9961,
37,104.96,107.09,104.49,106.7,904372.0,106.2113,1554955200000,9739,
38,107.04,107.26,105.94,107.0,1201292.0,106.7213,1555041600000,10322,
39,107.41,108.28,106.71,108.14,1116154.0,107.8099,1555300800000,10437,
40,108.17,108.57,107.45,107.68,753717.0,107.9143,1555387200000,8258,
41,107.61,107.6651,104.66,105.19,698871.0,105.3248,1555473600000,9337,
42,105.61,105.68,104.69,105.39,504702.0,105.1162,1555560000000,6816,
43,105.24,105.39,104.61,104.92,533912.0,104.9491,1555905600000,6143,
44,105.04,106.4,104.8454,106.1,738907.0,105.9154,1555992000000,7410,
45,106.25,106.98,106.25,106.38,503585.0,106.5578,1556078400000,5794,
46,106.53,106.53,104.645,105.25,523393.0,105.386,1556164800000,6153,
47,104.46,105.35,104.04,105.29,542224.0,104.9838,1556251200000,6319,
48,105.12,105.5,104.375,104.87,512445.0,105.0192,1556510400000,6581,
49,104.88,105.72,104.02,105.6,836586.0,105.1606,1556596800000,10566,
50,110.46,111.59,107.34,107.36,721457.0,108.3973,1556683200000,8494,
51,107.31,108.81,106.42,107.72,594599.0,107.8303,1556769600000,8251,
52,108.46,109.42,107.76,109.09,523045.0,108.7378,1556856000000,6477,
53,106.96,109.21,106.7,109.05,374991.0,108.6459,1557115200000,6292,
54,108.0,108.33,105.82,106.77,593520.0,106.8997,1557201600000,7808,
55,106.28,107.0,105.53,105.64,625831.0,106.206,1557288000000,8449,
56,104.8,105.55,103.37,105.39,809551.0,104.8095,1557374400000,9821,
57,105.02,106.86,104.0,106.55,836483.0,105.7422,1557460800000,9518,
58,104.29,105.14,101.8701,102.04,747734.0,102.5819,1557720000000,8988,
59,102.54,103.98,102.28,103.26,855999.0,103.3424,1557806400000,9463,
60,102.86,104.71,102.84,104.11,593016.0,104.0867,1557892800000,8417,
61,104.58,106.18,104.58,105.83,755525.0,105.7441,1557979200000,8575,
62,105.04,106.72,104.21,104.34,707966.0,105.0617,1558065600000,8127,
63,103.41,104.88,102.93,104.33,545235.0,104.2566,1558324800000,7668,
64,105.32,106.63,105.32,106.32,749685.0,106.0851,1558411200000,6964,
65,106.11,106.56,105.25,106.09,558330.0,106.1168,1558497600000,8548,
66,104.62,105.3619,102.12,102.3,768365.0,102.899,1558584000000,9111,
67,103.07,103.6,101.91,103.19,397222.0,103.0199,1558670400000,5584,
68,103.64,104.55,102.75,102.98,992091.0,103.0939,1559016000000,6049,
69,102.62,103.52,101.78,102.97,665634.0,102.7865,1559102400000,11354,
70,103.25,104.3,102.08,102.51,536446.0,102.7984,1559188800000,6855,
71,101.52,101.7161,97.93,98.44,1066312.0,99.2469,1559275200000,12393,
72,98.44,99.7,98.34,99.36,1135891.0,99.0067,1559534400000,13891,
73,100.14,102.56,100.0,102.48,818228.0,101.7411,1559620800000,9886,
74,103.46,103.7486,101.51,103.18,350494.0,102.9425,1559707200000,6087,
75,104.06,104.7037,103.16,104.22,528580.0,103.9485,1559793600000,6141,
76,104.88,106.1,104.56,104.86,448346.0,105.1924,1559880000000,5541,
77,105.9,107.56,105.69,106.38,565058.0,106.4649,1560139200000,7553,
78,107.41,107.97,105.69,105.85,506638.0,106.2421,1560225600000,6398,
79,105.45,106.33,104.83,105.37,417747.0,105.3495,1560312000000,6393,
80,106.02,106.31,105.42,106.11,646469.0,106.0277,1560398400000,8583,
81,105.94,106.4,104.18,104.24,426375.0,104.8288,1560484800000,6659,
82,104.22,104.95,103.4,104.21,649572.0,104.3942,1560744000000,9593,
83,105.52,106.185,104.0,104.13,630187.0,104.8176,1560830400000,8434,
84,104.27,105.36,104.01,105.02,817710.0,104.9084,1560916800000,9111,
85,106.48,109.32,106.1,108.11,1037768.0,107.9109,1561003200000,10324,
86,107.79,109.87,106.755,108.59,1799898.0,108.3118,1561089600000,9993,
87,108.69,109.04,107.31,107.54,894032.0,107.9804,1561348800000,10708,
88,107.64,108.97,107.25,107.465,743001.0,107.5211,1561435200000,9854,
89,108.04,108.95,107.98,108.61,579425.0,108.5961,1561521600000,9112,
90,108.71,110.54,108.35,110.4,631266.0,109.9753,1561608000000,7110,
91,110.91,111.42,110.04,111.0,2185679.0,110.9738,1561694400000,9558,
92,112.95,113.59,111.41,112.53,786443.0,112.1034,1561953600000,12028,
93,112.57,113.235,112.16,112.73,728811.0,112.6815,1562040000000,9718,
94,112.96,114.34,112.7819,113.54,612539.0,113.6694,1562126400000,5729,
95,113.22,113.93,112.53,113.79,645621.0,113.299,1562299200000,6547,
96,113.09,113.09,110.12,110.4,719762.0,110.7572,1562558400000,9108,
97,109.63,113.11,109.29,112.76,1241010.0,111.8757,1562644800000,15653,
98,113.14,113.7672,111.72,112.46,827755.0,112.2559,1562731200000,10319,
99,112.69,113.84,111.135,113.57,660760.0,113.1124,1562817600000,8480,
100,113.75,116.34,113.645,116.22,655220.0,115.4936,1562904000000,8399,
101,116.22,116.47,115.0,115.92,985859.0,115.6205,1563163200000,9442,
102,115.57,115.92,114.05,114.36,867556.0,114.6343,1563249600000,10661,
103,114.14,114.6,113.38,113.48,650643.0,113.924,1563336000000,9217,
104,113.19,113.4177,111.35,112.41,1109594.0,112.2118,1563422400000,12399,
105,112.99,114.55,112.51,112.51,619176.0,113.3995,1563508800000,9542,
106,113.24,113.53,112.24,112.31,584178.0,112.7108,1563768000000,8362,
107,112.8,113.72,112.15,113.66,585285.0,112.9791,1563854400000,6988,
108,113.21,114.05,112.83,113.6,606821.0,113.5574,1563940800000,8761,
109,113.0,114.49,112.455,114.21,421951.0,113.9063,1564027200000,6753,
110,115.63,115.98,114.36,114.44,418448.0,114.716,1564113600000,6360,
111,114.39,114.52,112.59,112.91,704588.0,112.9736,1564372800000,9949,
112,112.56,113.97,112.11,113.58,1370667.0,113.2833,1564459200000,15940,
113,115.2,119.72,115.2,118.16,1102781.0,118.3589,1564545600000,13917,
114,118.5,120.82,117.8,118.52,1312624.0,119.1967,1564632000000,15978,
115,117.44,117.625,113.78,116.34,795490.0,116.1489,1564718400000,9376,
116,111.69,111.84,106.85,107.53,978317.0,108.5067,1564977600000,11017,
117,108.03,109.25,107.825,108.34,804265.0,108.3739,1565064000000,11130,
118,106.72,109.15,105.9876,108.65,634135.0,107.7895,1565150400000,10969,
119,109.96,113.066,109.5,112.7,1462567.0,112.5181,1565236800000,8373,
120,111.93,115.35,111.03,114.73,729530.0,113.973,1565323200000,10873,
121,114.0,114.38,111.93,112.36,479189.0,112.7416,1565582400000,6793,
122,112.01,114.63,110.88,113.35,701882.0,113.442,1565668800000,7930,
123,110.73,112.085,109.74,110.01,552660.0,110.5235,1565755200000,7691,
124,109.9,110.68,108.35,108.72,512008.0,109.157,1565841600000,7366,
125,109.29,112.285,109.07,111.69,502195.0,111.5135,1565928000000,7883,
126,113.35,115.885,113.031,114.31,723496.0,114.4969,1566187200000,8252,
127,114.59,115.4,113.6,113.73,371412.0,114.3724,1566273600000,5817,
128,114.77,116.69,114.36,115.88,325084.0,115.9238,1566360000000,5260,
129,115.96,117.95,115.315,116.52,508016.0,116.3986,1566446400000,7432,
130,115.22,115.71,111.75,112.23,510043.0,113.3,1566532800000,6789,
131,114.15,114.15,111.91,112.77,603434.0,112.5249,1566792000000,7469,
132,113.72,113.97,112.49,112.58,801917.0,112.7911,1566878400000,5515,
133,112.14,112.49,111.5,111.73,588259.0,112.035,1566964800000,9118,
134,113.63,115.245,113.63,114.7,768210.0,114.7078,1567051200000,9737,
135,115.53,116.5,113.59,115.5,1100016.0,115.2342,1567137600000,7888,
136,115.52,116.33,113.95,116.02,709694.0,115.2566,1567483200000,10544,
137,117.02,118.65,116.7,118.06,903840.0,118.0412,1567569600000,9262,
138,119.27,119.99,117.59,118.47,581716.0,118.616,1567656000000,8594,
139,118.91,118.91,117.55,118.39,659686.0,118.3102,1567742400000,7888,
140,119.0,119.32,116.6525,117.51,590434.0,117.6193,1568001600000,8042,
141,116.65,116.87,110.7565,111.5,968372.0,112.0933,1568088000000,13345,
142,111.75,112.92,110.092,112.81,695611.0,111.9046,1568174400000,9853,
143,112.78,114.616,111.055,114.32,661024.0,113.7257,1568260800000,9709,
144,113.89,113.975,110.97,111.71,957505.0,111.9025,1568347200000,9607,
145,111.6,116.02,110.5154,113.0,1174015.0,112.8257,1568606400000,12369,
146,112.68,114.62,111.0,113.8,750369.0,113.8352,1568692800000,8492,
147,121.0,122.2,118.79,120.38,7404823.0,120.5528,1568779200000,65501,
148,119.89,122.91,119.64,121.8,3156042.0,122.0249,1568865600000,33017,
149,122.07,122.39,118.84,121.06,26561193.0,120.9279,1568952000000,49359,
150,120.88,121.76,119.205,119.34,2561593.0,119.8935,1569211200000,23900,
151,119.57,120.47,117.26,118.66,2165122.0,118.6328,1569297600000,20227,
152,118.47,121.79,117.05,121.52,1663825.0,120.2238,1569384000000,17766,
153,121.52,124.34,120.125,123.4,1806326.0,123.0443,1569470400000,20345,
154,123.14,124.08,120.94,121.79,1729240.0,122.2514,1569556800000,15864,
155,122.42,123.52,121.65,123.24,1716602.0,122.9472,1569816000000,14413,
156,123.43,124.515,121.1,121.12,1309953.0,122.1755,1569902400000,15585,
157,121.29,121.2976,118.8986,119.82,1479234.0,119.8036,1569988800000,15023,
158,119.64,120.78,117.5501,119.68,1182724.0,119.019,1570075200000,17254,
159,120.01,122.61,119.84,122.4,1475773.0,121.6412,1570161600000,11116,
160,122.34,124.11,121.05,123.12,888801.0,122.9848,1570420800000,11490,
161,121.93,124.06,121.445,122.985,1881903.0,122.9052,1570507200000,18584,
162,123.86,123.86,120.92,121.8,1479388.0,121.9418,1570593600000,15870,
163,121.34,122.85,120.995,122.54,1371476.0,122.2577,1570680000000,16048,
164,123.97,125.41,123.24,124.41,793175.0,124.6621,1570766400000,10942,
165,123.62,124.4,123.2,123.33,946486.0,123.4866,1571025600000,7508,
166,123.33,124.34,123.0,123.36,957177.0,123.5556,1571112000000,13494,
167,123.37,124.925,123.01,123.67,802929.0,123.8262,1571198400000,11363,
168,123.92,124.75,122.78,123.97,643804.0,123.6302,1571284800000,9954,
169,124.43,125.0,122.7,123.91,763240.0,123.8686,1571371200000,10178,
170,124.36,125.215,123.93,124.06,729418.0,124.377,1571630400000,9693,
171,124.89,124.98,122.21,122.41,818470.0,123.2766,1571716800000,11285,
172,122.1,123.26,121.75,123.04,853475.0,122.8716,1571803200000,9902,
173,124.03,124.5116,122.94,124.45,773697.0,124.0463,1571889600000,10334,
174,123.85,125.0575,123.54,124.86,754448.0,124.5254,1571976000000,9717,
175,126.08,127.01,125.6538,125.99,1104543.0,126.1028,1572235200000,11285,
176,125.12,127.25,125.11,126.18,941623.0,126.5342,1572321600000,12227,
177,126.15,127.51,124.91,127.38,1035225.0,126.4338,1572408000000,14562,
178,131.5,132.35,127.42,127.91,1672991.0,129.0523,1572494400000,19403,
179,128.96,131.4,128.47,131.2,1067143.0,130.2766,1572580800000,13999,
180,132.34,133.44,131.41,131.8,1297610.0,132.1481,1572843600000,15536,
181,131.99,136.31,131.59,135.81,1203487.0,134.8916,1572930000000,18144,
182,135.2,135.605,132.35,132.96,1286766.0,133.2054,1573016400000,18762,
183,132.81,134.04,132.41,132.93,1010982.0,133.1999,1573102800000,13026,
184,132.48,134.1,132.0073,133.52,725925.0,133.3956,1573189200000,11360,
185,132.98,134.53,132.6,134.11,820039.0,133.7393,1573448400000,11100,
186,133.77,134.45,132.25,133.82,955463.0,133.3549,1573534800000,15905,
187,133.25,135.57,133.125,135.48,919787.0,134.861,1573621200000,13172,
188,134.81,135.2528,132.5501,132.82,1063278.0,133.2282,1573707600000,15223,
189,134.19,136.63,133.4,136.55,1008349.0,135.8482,1573794000000,12592,
190,136.1,137.9,135.71,137.64,585464.0,137.4279,1574053200000,10599,
191,138.78,138.88,137.55,137.8,649204.0,138.0006,1574139600000,8563,
192,137.35,138.79,136.7,137.7,715785.0,137.6671,1574226000000,9473,
193,137.6,137.81,136.35,137.59,697604.0,137.2651,1574312400000,11222,
194,137.79,137.84,136.18,136.44,629703.0,136.6031,1574398800000,10153,
195,137.04,138.49,136.36,138.02,762345.0,137.9165,1574658000000,9274,
196,137.92,138.38,136.81,136.99,866209.0,137.2604,1574744400000,10699,
197,137.25,137.25,133.98,136.45,781244.0,136.0779,1574830800000,11769,
198,136.04,136.88,134.84,135.05,548992.0,135.5432,1575003600000,6758,
199,135.9,135.9,133.24,134.08,1276883.0,134.1353,1575262800000,18339,
200,132.27,133.42,130.82,133.14,808468.0,132.5707,1575349200000,12844,
201,134.47,135.91,134.29,135.33,629999.0,135.2741,1575435600000,10609,
202,135.5,135.84,134.275,134.42,477580.0,134.7546,1575522000000,8927,
203,135.32,136.89,135.05,136.66,699545.0,136.4971,1575608400000,10653,
204,136.37,136.59,134.2,134.34,720067.0,134.9811,1575867600000,9059,
205,134.16,135.82,134.0,135.75,540095.0,135.3253,1575954000000,9851,
206,135.74,135.96,134.99,135.66,533588.0,135.5061,1576040400000,8736,
207,135.88,137.65,135.26,136.8,507171.0,136.6684,1576126800000,8812,
208,136.75,137.88,135.9287,137.77,562901.0,137.4234,1576213200000,8173,
209,139.07,141.75,139.07,140.69,1323290.0,140.8052,1576472400000,20812,
210,140.14,141.11,138.46,139.36,1272396.0,139.4237,1576558800000,14828,
211,139.36,140.91,139.24,140.62,957235.0,140.4629,1576645200000,11887,
212,140.76,142.41,140.23,142.25,984647.0,141.7971,1576731600000,12231,
213,143.38,144.21,141.725,143.92,5961659.0,143.7457,1576818000000,19487,
214,144.0,144.085,141.96,142.87,1208920.0,143.0703,1577077200000,11645,
215,143.07,143.45,142.55,142.97,292606.0,142.9349,1577163600000,3978,
216,143.06,144.73,143.0,144.63,469763.0,144.342,1577336400000,7789,
217,144.78,144.95,143.52,143.96,420354.0,144.0825,1577422800000,7258,
218,143.87,143.9,142.1,142.78,505024.0,142.7033,1577682000000,8227,
219,142.21,143.155,141.94,142.84,547605.0,142.6479,1577768400000,8152,
220,144.49,144.49,141.775,143.88,1287095.0,143.315,1577941200000,15288,
221,141.99,143.44,141.81,142.15,883159.0,142.4164,1578027600000,14650,
222,141.0,141.65,140.295,141.08,1014886.0,140.9038,1578286800000,13870,
223,141.19,141.78,140.655,140.92,801407.0,141.0399,1578373200000,12057,
224,141.01,141.84,140.32,140.71,1034231.0,140.9895,1578459600000,13468,
225,141.28,143.0,141.05,141.97,943883.0,142.1044,1578546000000,12498,
226,142.42,143.93,141.23,142.36,668427.0,142.7861,1578632400000,10805,
227,142.76,143.72,141.86,143.35,1364527.0,142.9542,1578891600000,17157,
228,143.35,145.06,142.795,143.96,863495.0,144.0367,1578978000000,12778,
229,143.89,145.4,143.44,144.6,791263.0,144.6469,1579064400000,10700,
230,145.48,146.09,143.58,144.2,834265.0,144.2785,1579150800000,10111,
231,140.89,141.62,136.08,136.85,2357027.0,137.3344,1579237200000,28517,
232,136.14,138.12,135.83,136.08,1619590.0,136.8261,1579582800000,18705,
233,137.18,138.25,136.35,136.58,1131860.0,137.2154,1579669200000,14235,
234,136.58,138.85,135.47,138.73,1175405.0,138.017,1579755600000,13463,
235,139.04,139.5,137.15,137.92,856913.0,138.1409,1579842000000,13599,
236,135.48,136.05,133.76,133.87,887080.0,134.4062,1580101200000,11639,
237,134.66,135.73,133.91,135.46,1180933.0,135.1238,1580187600000,13313,
238,135.9,136.47,134.34,134.86,746821.0,135.2721,1580274000000,11452,
239,133.24,134.715,132.7307,133.83,975104.0,133.4845,1580360400000,13359,
240,133.39,133.72,129.92,130.45,1173061.0,131.1311,1580446800000,15597,
241,130.74,133.76,130.54,132.89,1618159.0,132.8431,1580706000000,17013,
242,134.47,136.2406,133.9926,136.15,1068774.0,135.6917,1580792400000,14014,
243,137.22,137.4896,134.89,136.04,1124335.0,135.6909,1580878800000,16658,
244,134.51,138.45,133.68,134.64,1186718.0,135.1265,1580965200000,16082,
245,134.41,134.49,131.17,132.66,1354577.0,132.3035,1581051600000,15878,
246,132.71,134.07,132.5,133.99,920042.0,133.6459,1581310800000,10961,
247,134.31,136.18,133.33,135.97,1228320.0,135.5454,1581397200000,15360,
248,136.0,137.56,135.69,136.59,1028507.0,136.5055,1581483600000,13913,
249,135.3,137.31,134.8853,137.28,1034088.0,136.9067,1581570000000,11723,
250,137.94,138.96,137.055,138.29,1292565.0,138.3196,1581656400000,18188,
251,137.47,137.655,133.33,134.87,1003198.0,134.794,1582002000000,13889,
252,135.27,137.36,135.08,136.63,666976.0,136.814,1582088400000,10549,
253,136.53,138.44,135.76,138.24,667898.0,137.5624,1582174800000,11999,
254,137.37,138.3,133.145,133.91,960149.0,134.4192,1582261200000,11848,
255,131.39,132.87,128.36,129.54,1441173.0,130.1949,1582520400000,16762,
256,130.34,131.07,124.75,125.15,1291717.0,126.3324,1582606800000,19069,
257,125.79,129.17,124.68,124.84,1319553.0,126.2383,1582693200000,16925,
258,121.74,121.98,116.04,116.08,1969178.0,118.6956,1582779600000,27633,
259,113.29,117.87,110.92,114.22,2984813.0,114.2929,1582866000000,39118,
260,115.36,119.98,113.125,119.98,2087718.0,117.2093,1583125200000,31036,
261,118.15,120.91,113.87,115.61,1656454.0,116.6681,1583211600000,24215,
262,117.81,119.26,115.94,119.19,1301763.0,118.0023,1583298000000,15748,
263,115.99,116.77,111.68,113.81,1623074.0,113.6749,1583384400000,23775,
264,108.96,112.01,108.32,111.58,1572864.0,110.1737,1583470800000,23018,
265,102.15,105.52,98.19,98.21,2728923.0,100.763,1583726400000,30349,
266,102.18,104.09,99.075,104.09,2157455.0,102.2259,1583812800000,23597,
267,100.37,104.64,100.37,102.87,2892909.0,102.8817,1583899200000,41243,
268,96.01,101.38,91.25,91.47,2756277.0,94.7847,1583985600000,33680,
269,96.52,101.38,92.51,101.3,2292369.0,97.6942,1584072000000,31273,
270,88.06,91.58,85.01,86.97,2461034.0,87.7509,1584331200000,33200,
271,88.68,89.47,84.36,87.28,2124980.0,86.9209,1584417600000,25573,
272,80.99,88.58,75.2,84.39,2121326.0,80.4494,1584504000000,26148,
273,84.06,89.45,78.7628,88.27,1873196.0,85.2849,1584590400000,21487,
274,89.66,91.03,79.33,79.56,1903544.0,84.073,1584676800000,19279,
275,78.38,87.0,73.39,85.6,2204178.0,83.5765,1584936000000,27093,
276,90.24,95.475,88.8,93.83,2191156.0,93.1877,1585022400000,23974,
277,92.66,96.79,90.41,91.91,1747034.0,93.6385,1585108800000,20086,
278,91.5,101.9,90.01,101.06,1577432.0,97.8622,1585195200000,22105,
279,95.86,97.8,92.52,93.75,1361920.0,94.7219,1585281600000,16273,
280,92.01,97.75,91.82,96.91,932545.0,95.752,1585540800000,15207,
281,96.44,98.41,92.46,93.27,2153553.0,94.2528,1585627200000,20227,
282,89.32,92.6701,88.01,88.83,1531872.0,90.3165,1585713600000,20783,
283,86.63,89.29,85.78,87.97,1439868.0,87.4968,1585800000000,18116,
284,87.44,89.77,85.88,86.89,1125076.0,86.896,1585886400000,12782,
285,92.64,96.29,91.3,95.84,1196312.0,93.926,1586145600000,14450,
286,101.52,102.96,98.51,98.63,1273093.0,100.2515,1586232000000,16533,
287,99.53,103.29,98.5,102.27,1010486.0,101.7857,1586318400000,12972,
288,104.2,107.805,103.28,106.26,1318873.0,106.0882,1586404800000,15187,
289,105.91,107.0,101.58,103.88,832935.0,103.334,1586750400000,11874,
290,104.66,107.24,104.66,106.75,967131.0,106.4948,1586836800000,12061,
291,102.43,105.35,102.42,103.68,698035.0,103.8827,1586923200000,9784,
292,103.83,105.69,101.1,104.25,1092121.0,103.5866,1587009600000,13037,
293,106.14,109.03,105.64,108.82,965991.0,107.7109,1587096000000,14372,
294,106.47,107.11,104.51,105.6,1066760.0,105.8176,1587355200000,12429,
295,102.7,103.75,98.12,98.845,1423229.0,100.1028,1587441600000,18409,
296,100.9,102.93,99.36,101.74,864722.0,101.4323,1587528000000,10607,
297,102.51,104.34,100.7,100.86,900194.0,102.0142,1587614400000,11884,
298,103.05,105.71,102.335,104.77,1068841.0,104.4892,1587700800000,13175,
299,104.77,107.04,104.6,106.28,734745.0,106.1859,1587960000000,8540,
300,108.62,109.06,106.18,107.12,1016700.0,107.6038,1588046400000,14247,
301,109.17,112.14,108.43,111.29,988044.0,111.0688,1588132800000,11890,
302,110.93,111.19,108.95,110.8,1144421.0,110.5605,1588219200000,15335,
303,108.22,108.69,106.18,106.82,823500.0,107.1555,1588305600000,13324,
304,106.22,108.34,104.46,108.19,724575.0,107.1833,1588564800000,9962,
305,107.83,111.005,107.63,109.99,813407.0,110.0624,1588651200000,12440,
306,110.61,111.3,104.66,106.77,1328896.0,106.9202,1588737600000,17061,
307,106.47,108.89,104.97,106.67,896753.0,106.869,1588824000000,15272,
308,108.05,109.83,107.54,108.54,583978.0,108.7155,1588910400000,10512,
309,106.97,107.31,104.97,104.97,771040.0,105.7393,1589169600000,12824,
310,105.38,106.32,101.96,101.98,858884.0,103.3432,1589256000000,13894,
311,100.99,102.77,96.5,98.01,958150.0,98.3049,1589342400000,19160,
312,95.27,99.825,93.75,99.7,1088056.0,97.3205,1589428800000,16401,
313,98.01,98.81,96.91,97.81,1288035.0,97.7894,1589515200000,15503,
314,102.48,107.18,101.49,106.51,1773221.0,104.576,1589774400000,25445,
315,106.36,108.51,105.11,105.99,892162.0,107.0636,1589860800000,13827,
316,105.83,109.39,105.83,109.23,1008258.0,108.6218,1589947200000,14407,
317,108.44,109.9602,107.01,107.21,754356.0,107.667,1590033600000,9123,
318,106.23,106.7,105.41,105.74,624167.0,105.818,1590120000000,9271,
319,108.56,110.52,107.97,108.01,940339.0,108.9131,1590465600000,14295,
320,109.61,110.38,107.11,110.34,821312.0,109.1931,1590552000000,11969,
321,110.0,111.66,108.393,109.65,766941.0,110.1413,1590638400000,10886,
322,110.42,111.5,108.34,110.91,1210466.0,110.3223,1590724800000,16785,
323,110.26,113.2,109.58,111.91,607064.0,111.7916,1590984000000,10014,
324,111.97,113.645,111.6,113.27,881787.0,112.8113,1591070400000,10417,
325,113.51,115.75,113.51,115.09,648167.0,114.8865,1591156800000,9422,
326,114.4,117.0,114.01,116.75,1101849.0,116.3134,1591243200000,14955,
327,119.34,126.0,119.3167,125.34,2030927.0,124.2238,1591329600000,22178,
328,126.4,129.23,125.35,128.29,1658251.0,128.2768,1591588800000,19323,
329,126.57,127.14,124.29,124.41,1328301.0,125.3314,1591675200000,14967,
330,124.11,124.52,121.48,121.71,911178.0,122.2895,1591761600000,13210,
331,120.24,120.6,110.53,110.54,994659.0,113.1724,1591848000000,16436,
332,113.9,116.02,111.03,114.1,923972.0,113.8081,1591934400000,16619,
333,111.0,114.075,108.64,113.9,897460.0,112.0422,1592193600000,13849,
334,118.04,120.65,115.85,119.37,1239296.0,119.2665,1592280000000,18135,
335,119.99,120.43,116.64,117.18,782720.0,117.5164,1592366400000,10444,
336,116.54,117.56,115.64,117.24,703153.0,116.8818,1592452800000,8615,
337,117.86,121.0,116.33,116.95,1421866.0,117.9171,1592539200000,12915,
338,115.99,116.58,114.64,116.19,856306.0,115.8556,1592798400000,11794,
339,117.99,117.99,115.52,115.95,1098359.0,116.4428,1592884800000,14337,
340,114.79,114.84,110.39,111.49,890534.0,111.9521,1592971200000,14336,
341,111.7,112.7799,109.7,112.44,733455.0,111.3516,1593057600000,11747,
342,112.8,112.8,108.16,108.49,2005015.0,109.4193,1593144000000,19311,
343,112.65,115.165,111.5,114.0,1912385.0,113.9476,1593403200000,24834,
344,113.6,116.895,112.5,116.18,1006346.0,115.6219,1593489600000,15219,
345,116.03,117.91,115.16,115.53,880261.0,116.1759,1593576000000,14934,
346,116.78,118.7574,116.5,117.11,894057.0,117.687,1593662400000,13161,
347,119.75,120.0,117.2,117.55,729494.0,117.754,1594008000000,12203,
348,116.87,118.03,113.71,114.06,883927.0,115.3951,1594094400000,13520,
349,114.22,114.96,112.3,113.38,865239.0,113.4288,1594180800000,11757,
350,113.62,114.005,110.19,112.51,723854.0,112.2085,1594267200000,11552,
351,111.81,114.24,111.29,113.84,660454.0,113.6023,1594353600000,9911,
352,115.11,115.12,112.46,112.58,780459.0,113.3932,1594612800000,14228,
353,111.26,114.56,110.98,114.4,609929.0,113.5055,1594699200000,11609,
354,115.74,118.27,114.92,117.7,660742.0,117.0675,1594785600000,12540,
355,117.12,117.41,116.128,116.7,567080.0,116.7501,1594872000000,10518,
356,117.16,119.62,116.55,118.51,560640.0,118.4384,1594958400000,8289,
357,117.74,118.36,115.75,118.18,489689.0,117.48,1595217600000,9140,
358,117.67,119.72,116.22,117.0,880227.0,117.4151,1595304000000,11284,
359,117.8,119.719,117.61,119.08,519165.0,118.8296,1595390400000,8088,
360,119.28,121.48,118.28,118.79,473044.0,119.5038,1595476800000,8518,
361,118.02,118.29,113.72,114.56,920663.0,115.1023,1595563200000,12814,
362,115.28,116.54,114.26,116.3,761331.0,115.6374,1595822400000,10445,
363,115.54,116.79,113.68,113.85,465151.0,114.8838,1595908800000,7460,
364,113.76,116.01,113.36,115.64,541661.0,114.648,1595995200000,8622,
365,113.47,115.84,112.4,115.69,529231.0,114.8468,1596081600000,10848,
366,115.32,116.4,113.55,116.25,769317.0,115.3729,1596168000000,12859,
367,116.68,118.42,116.05,117.46,537427.0,117.6369,1596427200000,10567,
368,116.96,119.83,116.695,119.52,996381.0,118.8848,1596513600000,13699,
369,121.93,121.93,115.46,116.75,1293249.0,117.0324,1596600000000,17530,
370,115.9,117.95,114.42,114.79,784415.0,115.4356,1596686400000,15346,
371,113.74,114.85,112.85,114.77,678383.0,114.1621,1596772800000,12236,
372,114.23,115.01,112.98,113.0,675875.0,113.5298,1597032000000,10963,
373,114.41,119.95,113.91,117.21,1123210.0,117.3053,1597118400000,18075,
374,118.5,118.5,116.28,116.61,855920.0,116.8062,1597204800000,12537,
375,115.87,116.015,113.802,114.58,490761.0,114.579,1597291200000,10451,
376,113.59,113.8599,112.8125,113.52,533088.0,113.428,1597377600000,9615,
377,114.01,115.12,113.39,113.62,407914.0,114.0448,1597636800000,7579,
378,113.68,114.33,110.77,110.98,750190.0,111.4143,1597723200000,12653,
379,110.87,112.94,110.79,111.99,541041.0,111.7684,1597809600000,9853,
380,111.31,113.14,111.03,112.32,630188.0,112.4299,1597896000000,12112,
381,112.0,112.07,110.53,111.15,556490.0,111.1584,1597982400000,9060,
382,111.69,113.39,111.35,112.29,540967.0,112.2769,1598241600000,11305,
383,112.52,113.49,111.16,112.15,491916.0,111.7907,1598328000000,9451,
384,111.98,112.235,110.09,111.17,1026415.0,111.201,1598414400000,9388,
385,112.52,115.56,111.83,114.84,1177836.0,114.3623,1598500800000,18403,
386,115.09,115.84,113.76,115.34,578548.0,115.0508,1598587200000,10371,
387,115.01,115.01,112.71,113.65,631394.0,113.6546,1598846400000,10606,
388,112.74,113.48,110.13,112.59,1097007.0,112.2689,1598932800000,18056,
389,113.93,117.86,112.95,117.53,1080820.0,116.0816,1599019200000,17793,
390,117.01,117.53,111.3,112.17,919022.0,113.0363,1599105600000,16620,
391,113.74,115.42,111.54,114.25,1383562.0,114.0058,1599192000000,23002,
392,112.14,114.16,111.59,111.72,1157197.0,112.7491,1599537600000,20067,
393,112.47,112.79,109.52,110.55,637934.0,110.7115,1599624000000,12629,
394,111.0,112.05,109.36,110.08,1083303.0,110.4879,1599710400000,19712,
395,109.25,111.55,109.05,111.32,1073797.0,110.8065,1599796800000,16462,
396,112.36,114.815,111.86,113.15,765170.0,113.2151,1600056000000,12915,
397,113.32,115.51,113.2,114.18,468891.0,114.525,1600142400000,10923,
398,115.11,116.65,113.6412,113.91,894225.0,114.8767,1600228800000,12343,
399,112.07,114.48,111.76,114.23,908856.0,113.5376,1600315200000,13386,
400,115.0,115.26,112.17,112.82,1240261.0,113.405,1600401600000,12821,
401,110.89,111.47,108.49,108.81,1031921.0,109.1659,1600660800000,16069,
402,108.33,110.31,105.87,110.17,847664.0,108.874,1600747200000,13648,
403,111.01,112.13,108.01,109.21,946435.0,109.8974,1600833600000,14765,
404,108.63,111.98,108.14,110.43,911084.0,110.1598,1600920000000,15742,
405,110.25,112.86,109.67,112.74,688627.0,111.6574,1601006400000,10670,
406,114.44,116.72,113.11,116.5,1214966.0,116.0927,1601265600000,15236,
407,116.99,118.965,116.51,118.11,790063.0,117.9351,1601352000000,14261,
408,118.53,121.89,118.1,119.53,1013463.0,120.035,1601438400000,15911,
409,120.445,124.53,120.445,123.5,1000938.0,123.1195,1601524800000,18313,
410,120.64,124.62,120.42,123.49,1128318.0,123.0758,1601611200000,15095,
411,124.35,126.43,124.06,125.88,653728.0,125.643,1601870400000,11105,
412,126.13,127.24,122.52,123.07,985929.0,124.4948,1601956800000,16229,
413,124.68,126.24,124.3,125.93,497869.0,125.4474,1602043200000,10211,
414,126.73,127.16,125.57,126.2,404348.0,126.165,1602129600000,9326,
415,127.25,127.83,125.62,125.99,506660.0,126.5293,1602216000000,9426,
416,127.86,130.81,126.48,130.01,596325.0,129.4783,1602475200000,10036,
417,130.53,131.215,129.685,129.93,688900.0,130.3733,1602561600000,11713,
418,130.38,131.13,129.39,129.52,673178.0,130.1672,1602648000000,10967,
419,127.58,130.16,127.0,129.8,473929.0,128.9083,1602734400000,9247,
420,130.75,131.76,129.3,130.62,393909.0,130.9894,1602820800000,7318,
421,130.21,132.25,128.12,128.86,482590.0,129.6555,1603080000000,7751,
422,130.72,131.39,128.91,129.32,422356.0,129.9255,1603166400000,9617,
423,129.75,130.2987,128.09,128.84,468863.0,128.9385,1603252800000,7128,
424,128.52,129.83,127.32,129.44,337782.0,129.0254,1603339200000,7869,
425,130.3037,130.54,128.67,130.0,310924.0,129.6931,1603425600000,6793,
426,128.27,129.61,124.2201,125.67,426470.0,125.6194,1603684800000,10063,
427,125.35,126.2,123.12,123.28,620061.0,123.9534,1603771200000,10198,
428,120.33,120.75,118.31,118.73,706867.0,119.2049,1603857600000,10344,
429,117.28,122.09,117.02,120.95,733060.0,120.4458,1603944000000,10708,
430,119.94,123.1984,118.6071,122.6,1147024.0,122.066,1604030400000,16747,
431,125.17,129.46,123.215,126.45,1247647.0,125.8159,1604293200000,22789,
432,130.05,131.81,127.66,130.72,676921.0,130.2996,1604379600000,15119,
433,132.15,135.95,130.09,133.85,993776.0,134.1078,1604466000000,15374,
434,135.22,139.75,135.11,138.18,1322187.0,138.7039,1604552400000,18111,
435,138.3,139.49,137.11,138.05,676298.0,138.3387,1604638800000,10119,
436,141.09,146.95,141.09,143.95,1568912.0,144.9592,1604898000000,18880,
437,141.33,144.22,136.87,137.53,1310312.0,139.6907,1604984400000,21964,
438,138.32,139.335,136.87,138.7,582342.0,138.3696,1605070800000,11753,
439,138.46,139.23,135.26,135.56,456458.0,136.2907,1605157200000,10291,
440,136.99,138.43,136.82,137.59,1199473.0,137.5209,1605243600000,18068,
441,139.31,140.82,138.57,139.08,677911.0,139.1425,1605502800000,11655,
442,137.61,138.96,136.33,136.78,711413.0,136.9838,1605589200000,12706,
443,137.1,138.11,135.67,135.73,1480993.0,136.9362,1605675600000,18960,
444,134.74,135.075,131.05,132.78,1418938.0,132.6639,1605762000000,21411,
445,132.45,133.6,131.92,131.95,783704.0,132.3903,1605848400000,12571,
446,132.26,132.69,130.23,131.22,1103111.0,131.1962,1606107600000,15409,
447,131.855,137.67,131.665,136.82,1970328.0,135.0635,1606194000000,22761,
448,136.24,136.34,131.33,131.94,786789.0,132.4376,1606280400000,14894,
449,132.11,132.42,131.08,132.23,357083.0,131.9652,1606453200000,7093,
450,131.5,131.5,129.06,130.49,1082054.0,130.234,1606712400000,13491,
451,131.93,133.1,131.03,132.02,985769.0,132.1494,1606798800000,15854,
452,131.97,132.28,130.61,131.21,587038.0,131.2303,1606885200000,9611,
453,130.81,132.95,130.735,131.25,610855.0,131.5925,1606971600000,11264,
454,131.55,134.38,131.35,133.5,925359.0,133.1809,1607058000000,12033,
455,133.25,134.75,132.0,132.94,742443.0,133.1868,1607317200000,10940,
456,133.6,134.32,132.32,132.94,1203374.0,133.0593,1607403600000,12970,
457,133.0,133.46,131.11,131.95,687842.0,132.1562,1607490000000,11699,
458,131.5,132.37,130.895,131.71,542639.0,131.6876,1607576400000,10958,
459,130.72,131.6106,128.82,130.7,689126.0,130.2703,1607662800000,12888,
460,131.57,134.11,130.75,131.73,937023.0,132.2146,1607922000000,13002,
461,132.19,133.26,131.755,132.83,650051.0,132.7682,1608008400000,10495,
462,132.71,133.185,131.774,132.26,570052.0,132.3051,1608094800000,11315,
463,128.9069,135.38,128.9069,135.24,885874.0,134.0711,1608181200000,13527,
464,135.85,136.63,133.27,134.37,2098286.0,134.6067,1608267600000,15617,
465,131.75,132.13,129.3,130.99,1153790.0,130.6446,1608526800000,18285,
466,131.35,131.645,129.47,130.75,1207149.0,130.6248,1608613200000,15682,
467,131.41,132.585,129.67,129.85,782512.0,130.6418,1608699600000,15099,
468,130.46,130.53,128.25,129.23,392930.0,129.0468,1608786000000,6363,
469,130.75,131.51,129.63,131.06,954136.0,130.6325,1609131600000,14805,
470,132.01,133.89,128.84,129.47,740552.0,130.5952,1609218000000,12759,
471,129.33,131.47,129.0,130.0,483624.0,129.9336,1609304400000,9169,
472,129.82,132.17,129.4,131.79,493658.0,131.2387,1609390800000,8037,
473,131.75,132.81,125.46,127.16,1073833.0,127.5292,1609736400000,18327,
474,126.19,128.33,125.66,127.84,1026221.0,127.2868,1609822800000,18049,
475,127.22,130.37,127.22,128.9,964220.0,129.104,1609909200000,17403,
476,129.12,132.62,128.58,131.97,1482670.0,131.5185,1609995600000,22654,
477,132.19,135.74,132.0,134.59,999402.0,134.5013,1610082000000,17984,
478,133.01,135.16,132.76,133.65,686377.0,133.685,1610341200000,12570,
479,133.28,135.74,132.91,134.42,652423.0,134.6211,1610427600000,13272,
480,134.38,136.23,134.1,134.95,972698.0,135.263,1610514000000,14589,
481,135.18,136.21,134.45,134.8,677712.0,135.0856,1610600400000,12828,
482,134.21,134.64,131.17,133.66,811042.0,133.3458,1610686800000,15236,
483,133.45,134.88,130.01,132.97,784341.0,133.1579,1611032400000,12436,
484,133.85,136.815,133.1,136.15,774649.0,135.8977,1611118800000,12725,
485,135.83,137.8,134.76,137.67,750176.0,136.9371,1611205200000,12744,
486,136.49,137.25,135.32,135.32,804819.0,135.8488,1611291600000,13769,
487,135.82,137.01,134.84,135.23,610115.0,135.4723,1611550800000,11551,
488,136.14,136.14,133.21,134.24,461343.0,134.3609,1611637200000,10882,
489,132.96,134.2887,130.355,133.02,963400.0,132.7378,1611723600000,16666,
490,133.63,136.41,132.65,134.5,986958.0,135.0283,1611810000000,17345,
491,133.26,134.41,130.22,131.66,1108846.0,132.0103,1611896400000,15049,
492,133.47,139.31,132.71,138.16,1230669.0,137.1414,1612155600000,21034,
493,138.74,142.4,138.37,141.44,713303.0,141.2001,1612242000000,14640,
494,140.53,141.92,139.37,140.99,768277.0,140.9537,1612328400000,15578,
495,145.71,149.99,144.82,149.98,1211727.0,148.6031,1612414800000,19440,
496,151.2729,151.2729,147.52,150.97,630930.0,150.2272,1612501200000,12179,
497,152.08,153.95,150.02,150.39,1436353.0,151.8342,1612760400000,16650,
498,150.39,151.75,149.27,151.56,754649.0,150.7527,1612846800000,12551,
499,155.26,157.94,154.31,157.34,1034204.0,156.5977,1612933200000,18268,
500,156.98,157.1,154.155,156.91,730465.0,155.9093,1613019600000,14151,
501,157.02,157.02,154.41,155.4,573729.0,155.3377,1613106000000,11335,
502,154.78,156.77,154.66,155.93,739966.0,155.7286,1613451600000,16023,
503,155.61,158.58,154.3,157.86,871294.0,156.8876,1613538000000,12800,
504,156.8,158.08,156.55,156.65,672239.0,157.1843,1613624400000,12278,
505,157.25,162.42,156.8022,160.75,1035372.0,160.6524,1613710800000,17627,
506,158.6,160.78,158.32,159.32,637950.0,159.5963,1613970000000,14737,
507,158.46,158.46,154.43,157.18,772417.0,156.7501,1614056400000,17136,
508,154.63,162.73,154.01,162.1,700988.0,160.8669,1614142800000,14555,
509,160.97,161.415,156.51,156.89,789379.0,158.6983,1614229200000,15568,
510,158.36,159.71,155.67,156.89,954859.0,157.7348,1614315600000,16625,
511,160.1,161.86,158.62,160.57,786835.0,160.1884,1614574800000,12912,
512,160.0,160.81,156.84,157.1,701691.0,158.2497,1614661200000,13559,
513,156.49,157.0,154.38,155.66,961077.0,155.746,1614747600000,18651,
514,154.88,155.78,148.91,151.44,1072103.0,151.5157,1614834000000,21026,
515,153.82,155.25,149.215,154.48,891174.0,153.2117,1614920400000,17126,
516,154.07,157.2,152.905,155.14,774180.0,155.6844,1615179600000,16555,
517,155.87,157.32,154.17,154.47,849171.0,155.4531,1615266000000,16244,
518,155.67,158.27,154.295,156.44,684658.0,156.7455,1615352400000,13982,
519,157.11,161.015,156.18,159.99,703076.0,160.0164,1615438800000,11818,
520,161.02,162.0,158.99,160.06,639911.0,159.9259,1615525200000,10911,
521,159.69,161.34,158.5,161.27,504504.0,160.1794,1615780800000,13055,
522,162.13,162.2,160.02,160.97,524727.0,161.1313,1615867200000,12796,
523,160.15,160.63,157.57,160.4,715682.0,159.628,1615953600000,15103,
524,157.3,159.915,156.59,157.1,766288.0,158.1044,1616040000000,15802,
525,156.27,159.42,154.74,158.03,1663372.0,157.944,1616126400000,16582,
526,158.2,160.35,157.18,159.3,639606.0,159.4702,1616385600000,14313,
527,158.85,159.925,155.175,156.06,773258.0,156.9001,1616472000000,14449,
528,156.74,159.63,156.1,156.41,819072.0,157.5653,1616558400000,13639,
529,156.015,160.4,154.53,159.62,1004572.0,158.2285,1616644800000,23282,
530,158.75,168.03,158.59,167.9,1342639.0,164.5944,1616731200000,21969,
531,167.74,168.96,163.8,165.06,821988.0,165.6674,1616990400000,16400,
532,163.97,165.33,161.34,164.82,549447.0,163.8942,1617076800000,11700,
533,165.77,166.4,164.0597,165.75,763369.0,165.6188,1617163200000,13873,
534,167.63,169.64,166.59,169.44,722820.0,168.6336,1617249600000,15725,
535,170.4,172.79,169.5,171.53,704419.0,171.2759,1617595200000,12613,
536,170.79,171.56,169.56,171.52,785696.0,171.1367,1617681600000,11955,
537,171.29,171.3,169.85,170.32,483755.0,170.4616,1617768000000,10738,
538,176.33,176.33,172.18,174.59,782791.0,174.0181,1617854400000,15690,
539,173.8,175.68,172.7,175.44,855239.0,174.4919,1617940800000,13848,
540,175.44,175.56,173.32,174.25,777512.0,174.15,1618200000000,13994,
541,174.05,176.18,173.59,175.89,578085.0,175.2631,1618286400000,10731,
542,176.99,178.93,175.44,178.13,1199640.0,177.8958,1618372800000,17263,
543,178.78,181.04,176.92,180.82,893703.0,179.7786,1618459200000,15480,
544,184.58,184.58,181.575,184.01,965637.0,183.6782,1618545600000,15459,
545,183.1,184.0558,181.91,182.2,856801.0,182.5867,1618804800000,16593,
546,181.31,183.63,179.72,180.74,784825.0,181.1816,1618891200000,14704,
547,181.38,182.61,180.8,181.83,816073.0,181.8696,1618977600000,13547,
548,182.67,183.11,180.26,180.87,587782.0,181.3276,1619064000000,12509,
549,181.91,183.52,180.93,182.61,775245.0,182.693,1619150400000,14728,
550,182.76,184.0,181.64,183.11,613990.0,182.8213,1619409600000,12265,
551,183.01,183.72,181.67,183.49,472313.0,183.1,1619496000000,10165,
552,183.43,183.85,181.105,182.03,423214.0,182.2044,1619582400000,10010,
553,183.22,184.02,181.95,182.5,515642.0,182.8226,1619668800000,11839,
554,181.46,181.46,177.86,178.33,863414.0,178.7265,1619755200000,16036,
555,180.26,180.77,177.512,179.2,724644.0,178.8524,1620014400000,14059,
556,178.56,179.095,175.02,176.3,973742.0,176.2045,1620100800000,20360,
557,174.645,176.0,169.04,171.4,1464544.0,172.7009,1620187200000,24801,
558,171.06,172.92,166.41,172.6,1314465.0,170.0657,1620273600000,20562,
559,172.67,175.38,171.97,174.87,784459.0,174.5488,1620360000000,15826,
560,174.87,175.39,171.4,171.42,545639.0,172.7645,1620619200000,12371,
561,168.6,169.64,166.66,167.64,1497884.0,168.1116,1620705600000,18937,
562,164.63,166.43,162.57,163.48,1228297.0,163.8915,1620792000000,21038,
563,164.95,169.76,163.66,168.53,1242346.0,167.4148,1620878400000,19457,
564,169.88,170.06,166.35,169.45,878311.0,168.8882,1620964800000,14203,
565,167.89,169.27,166.62,169.14,642027.0,168.4881,1621224000000,12737,
566,169.56,169.84,167.8,167.87,736791.0,168.7778,1621310400000,16591,
567,164.92,168.24,164.3483,168.03,569858.0,167.4014,1621396800000,13470,
568,168.03,168.76,166.855,168.06,847520.0,167.9481,1621483200000,15215,
569,168.52,169.7601,167.07,168.07,772907.0,168.1742,1621569600000,11440,
570,169.23,169.9781,168.03,168.56,471582.0,169.0357,1621828800000,12081,
571,169.59,169.85,166.36,166.73,450933.0,167.7396,1621915200000,11326,
572,166.8,167.37,164.92,166.08,1283474.0,165.8882,1622001600000,14171,
573,166.93,168.14,166.04,167.18,1271157.0,167.0916,1622088000000,18575,
574,167.31,168.08,162.94,165.42,948041.0,165.1984,1622174400000,18239,
575,165.9572,166.94,163.46,163.87,817679.0,164.3325,1622520000000,17628,
576,164.59,165.96,164.355,164.96,641109.0,165.1431,1622606400000,15482,
577,163.04,166.12,162.47,165.28,780512.0,164.7847,1622692800000,15601,
578,165.76,168.23,165.51,167.49,622530.0,167.5199,1622779200000,14458,
579,167.07,167.82,165.36,165.76,682811.0,165.9558,1623038400000,14555,
580,166.5,167.49,165.71,166.48,432778.0,166.453,1623124800000,11035,
581,167.0,167.29,165.69,165.81,456324.0,166.4334,1623211200000,11661,
582,166.17,167.44,165.21,167.41,385641.0,166.8011,1623297600000,12148,
583,168.49,168.76,166.98,168.66,588812.0,168.1586,1623384000000,11100,
584,168.68,169.62,167.92,169.3,650497.0,168.8397,1623643200000,15017,
585,169.61,172.0,168.98,170.93,853719.0,170.9343,1623729600000,18550,
586,170.92,173.29,169.9,171.73,1300124.0,171.9583,1623816000000,25332,
587,170.93,171.5388,168.2,169.24,1079804.0,169.7755,1623902400000,20422,
588,168.19,169.41,164.63,165.78,1457905.0,166.5576,1623988800000,19833,
589,166.9,170.39,166.12,169.73,602758.0,169.4964,1624248000000,12072,
590,169.25,171.83,168.72,171.14,707172.0,170.7723,1624334400000,14812,
591,170.86,171.4399,168.85,169.1,883569.0,170.0325,1624420800000,16687,
592,170.0,170.45,168.61,170.29,465399.0,169.8937,1624507200000,11868,
593,170.0,172.58,169.22,171.77,1102707.0,171.6913,1624593600000,15618,
594,172.24,173.975,171.8,173.79,803468.0,173.3654,1624852800000,16688,
595,173.31,176.49,173.31,176.33,617016.0,175.7675,1624939200000,13518,
596,176.09,176.99,174.38,174.65,594718.0,175.2126,1625025600000,13338,
597,174.86,176.69,173.43,175.8,537612.0,175.7801,1625112000000,12212,
598,176.52,177.684,176.12,176.89,409752.0,176.9966,1625198400000,11453,
599,176.65,176.98,173.955,175.97,955455.0,175.7675,1625544000000,14527,
600,176.65,178.95,175.23,178.83,620253.0,177.852,1625630400000,13076,
601,176.77,179.57,176.0,176.83,664300.0,177.503,1625716800000,16094,
602,176.28,178.61,176.07,177.98,775419.0,177.7918,1625803200000,15358,
603,177.63,178.54,175.75,176.33,627329.0,176.4419,1626062400000,14202,
604,175.59,177.02,173.87,174.16,653402.0,174.8473,1626148800000,15001,
605,175.19,176.77,174.99,176.05,705658.0,176.0933,1626235200000,13024,
606,175.52,175.66,173.98,175.36,436945.0,174.923,1626321600000,11267,
607,176.07,177.4099,174.3,174.44,446754.0,175.3284,1626408000000,9687,
608,172.17,173.95,171.33,172.43,600687.0,172.4193,1626667200000,14352,
609,173.32,177.76,172.59,176.24,625995.0,176.2928,1626753600000,13002,
610,176.66,177.94,175.96,177.25,545576.0,177.2271,1626840000000,11913,
611,177.52,177.94,176.635,177.46,458279.0,177.2622,1626926400000,10891,
612,178.57,181.06,177.96,180.95,367904.0,179.9329,1627012800000,8936,
613,180.22,182.4,180.22,181.58,453333.0,181.3983,1627272000000,9988,
614,180.75,182.49,178.88,181.3,534392.0,180.6505,1627358400000,12825,
615,181.57,182.155,179.56,180.32,544282.0,180.6601,1627444800000,11698,
616,180.84,183.78,180.83,183.11,412381.0,182.9906,1627531200000,11099,
617,182.74,183.45,181.53,183.35,670773.0,182.9329,1627617600000,13233,
618,184.8,185.45,183.28,183.67,575280.0,184.1158,1627876800000,13262,
619,184.51,185.41,182.33,185.29,693538.0,184.7075,1627963200000,15713,
620,183.28,190.67,179.24,188.24,1219273.0,187.5138,1628049600000,24027,
621,190.01,191.05,187.32,190.62,806633.0,190.1571,1628136000000,15074,
622,189.95,192.72,189.67,190.05,686999.0,191.0588,1628222400000,12900,
623,188.965,190.035,188.0,189.63,592219.0,189.1812,1628481600000,12589,
624,190.22,192.7738,189.38,191.52,774854.0,191.6221,1628568000000,12545,
625,192.45,196.24,191.84,195.96,892952.0,195.3572,1628654400000,17157,
626,195.8,198.29,195.26,197.91,622419.0,197.0494,1628740800000,13347,
627,191.335,198.54,191.335,198.32,651501.0,197.7564,1628827200000,11996,
628,198.1,199.05,196.77,199.02,804276.0,197.8027,1629086400000,12453,
629,198.975,198.975,194.95,196.69,612685.0,196.3812,1629172800000,13222,
630,196.39,197.83,195.04,195.27,424533.0,196.1287,1629259200000,11474,
631,193.3511,195.17,192.02,194.33,633225.0,194.1324,1629345600000,16405,
632,194.62,196.53,194.2,195.77,519982.0,195.6047,1629432000000,11641,
633,196.34,197.31,195.425,196.9,390512.0,196.7157,1629691200000,10604,
634,196.75,198.22,196.5,196.95,494923.0,197.2168,1629777600000,11372,
635,196.65,199.1,196.38,198.38,542179.0,198.1158,1629864000000,11883,
636,198.36,199.105,197.2457,198.07,540023.0,198.2295,1629950400000,14148,
637,197.85,199.45,196.87,199.25,781404.0,198.8015,1630036800000,17339,
638,199.79,201.36,198.62,200.74,654227.0,200.5156,1630296000000,15579,
639,200.76,201.35,199.32,200.61,984577.0,200.3962,1630382400000,17250,
640,200.95,201.36,198.4,200.29,529001.0,200.3706,1630468800000,15332,
641,200.6737,203.34,200.6737,203.26,471278.0,202.6292,1630555200000,12374,
642,202.36,203.82,202.16,202.7,384381.0,203.0126,1630641600000,10785,
643,201.8,202.26,200.265,201.25,517351.0,201.4298,1630987200000,14646,
644,200.39,200.66,198.495,200.39,658862.0,199.9205,1631073600000,17070,
645,200.07,202.1196,199.33,199.55,632258.0,200.5426,1631160000000,14724,
646,200.41,201.92,197.71,197.99,541265.0,199.3002,1631246400000,13780,
647,199.86,200.09,195.35,196.77,611436.0,196.6671,1631505600000,19197,
648,198.7,198.7,192.51,193.48,832066.0,194.2176,1631592000000,20366,
649,192.71,195.5325,191.4841,195.09,1154337.0,194.0222,1631678400000,23343,
650,194.22,195.855,193.75,194.34,801113.0,194.5426,1631764800000,15754,
651,192.88,193.68,190.17,191.14,1866858.0,191.279,1631851200000,17341,
652,187.6,190.0,185.72,187.8,800773.0,187.5955,1632110400000,18637,
653,188.31,188.99,185.76,187.76,656703.0,187.7359,1632196800000,14852,
654,188.54,190.8856,188.54,189.63,490759.0,189.6927,1632283200000,12470,
655,189.12,194.31,189.07,192.52,401397.0,192.6904,1632369600000,12620,
656,191.55,193.7,191.11,193.06,439796.0,192.8312,1632456000000,8835,
657,191.98,193.76,191.45,192.29,446363.0,192.6194,1632715200000,9719,
658,190.65,191.09,185.59,186.14,603430.0,187.1722,1632801600000,14837,
659,188.12,188.67,183.94,185.39,468308.0,185.6176,1632888000000,13024,
660,186.0098,187.1,181.89,182.02,929032.0,183.2859,1632974400000,14721,
661,182.66,186.42,180.25,185.71,850590.0,184.026,1633060800000,18873,
662,185.24,187.47,182.22,182.65,1010606.0,183.7883,1633320000000,17411,
663,183.06,185.67,181.82,184.13,576842.0,184.3326,1633406400000,12625,
664,178.55,178.55,172.24,175.53,1253978.0,175.0288,1633492800000,24285,
665,177.28,178.78,176.58,177.46,817137.0,177.8597,1633579200000,14908,
666,178.03,178.08,176.12,176.88,567003.0,176.9864,1633665600000,13593,
667,175.6,176.49,174.37,174.57,593379.0,175.3059,1633924800000,11755,
668,175.55,175.8,173.15,173.61,613459.0,174.0367,1634011200000,11736,
669,174.495,175.63,172.88,174.02,761936.0,173.8031,1634097600000,12193,
670,175.81,178.23,174.64,177.53,716486.0,176.9277,1634184000000,11575,
671,177.79,179.135,177.105,177.72,709394.0,177.8061,1634270400000,12930,
672,178.97,190.715,178.96,186.23,1628757.0,186.3607,1634529600000,25208,
673,186.74,187.77,185.56,187.63,550380.0,187.1536,1634616000000,14262,
674,188.06,189.49,187.72,188.39,697468.0,188.2841,1634702400000,13579,
675,188.28,190.67,187.645,190.55,585164.0,189.6726,1634788800000,11782,
676,190.55,193.11,190.55,191.47,431744.0,191.7122,1634875200000,10843,
677,191.58,192.92,190.4101,191.54,431044.0,191.8368,1635134400000,10456,
678,192.28,192.28,188.28,188.47,628309.0,189.1984,1635220800000,13088,
679,188.46,188.46,184.13,184.37,645738.0,185.3394,1635307200000,16209,
680,184.85,187.47,184.67,185.94,648570.0,185.7989,1635393600000,14910,
681,184.25,187.265,184.25,186.65,502980.0,186.4687,1635480000000,11834,
682,186.79,189.14,186.79,187.64,704859.0,187.6885,1635739200000,15491,
683,187.55,189.55,186.37,189.21,882559.0,188.3759,1635825600000,18922,
684,189.38,189.38,182.02,185.54,831247.0,184.7983,1635912000000,18420,
685,187.49,189.05,184.68,185.0,1136735.0,185.7804,1635998400000,18061,
686,185.81,189.815,185.216,187.07,1369575.0,186.8263,1636084800000,19858,
687,187.78,188.95,184.6,185.32,662245.0,185.4967,1636347600000,13724,
688,185.65,188.01,185.29,187.02,744385.0,186.442,1636434000000,14624,
689,185.76,191.42,185.76,188.8,950210.0,189.2887,1636520400000,17322,
690,188.69,190.86,186.36,188.32,511183.0,188.3397,1636606800000,13547,
691,189.63,191.72,188.18,191.08,384867.0,190.6298,1636693200000,8973,
692,191.47,192.75,190.31,190.85,532446.0,191.0843,1636952400000,10949,
693,190.35,195.61,189.94,194.98,914944.0,194.0886,1637038800000,13539,
694,195.14,195.79,194.235,195.24,681654.0,195.0563,1637125200000,15424,
695,195.27,195.71,192.6545,195.23,595967.0,194.789,1637211600000,13710,
696,195.3874,198.095,194.85,196.06,748278.0,196.3751,1637298000000,15339,
697,196.89,200.53,195.0,196.2,659956.0,197.6669,1637557200000,15209,
698,195.32,197.075,192.68,195.84,603484.0,194.9619,1637643600000,14734,
699,194.84,199.91,194.84,199.79,515503.0,198.5624,1637730000000,12033,
700,198.29,199.93,190.01,191.16,522528.0,192.7176,1637902800000,13403,
701,193.86,196.32,192.95,194.8,839263.0,194.576,1638162000000,17122,
702,194.36,196.93,188.01,189.36,1496847.0,189.8809,1638248400000,21422,
703,192.01,194.09,184.71,184.81,1033141.0,188.4368,1638334800000,19942,
704,185.88,194.94,185.88,193.62,735271.0,191.9486,1638421200000,17573,
705,194.02,194.93,190.05,191.67,870618.0,191.5657,1638507600000,19594,
706,193.03,196.53,193.01,194.38,658037.0,194.6482,1638766800000,15292,
707,196.4,198.895,194.84,198.21,545969.0,197.7758,1638853200000,14563,
708,199.28,200.4,197.68,198.82,522924.0,198.7915,1638939600000,14612,
709,197.8,198.385,194.6,194.69,556611.0,195.9591,1639026000000,15094,
710,196.5,196.64,192.99,194.87,639226.0,194.4602,1639112400000,17229,
711,193.81,194.07,190.55,191.75,912611.0,191.7318,1639371600000,18328,
712,191.27,192.5822,187.5,189.69,878939.0,189.4009,1639458000000,20626,
713,189.95,192.27,185.96,192.15,966220.0,189.4816,1639544400000,21216,
714,193.6,193.6,187.1487,187.83,1117169.0,188.7963,1639630800000,24135,
715,187.99,194.02,187.54,190.07,8374319.0,190.1704,1639717200000,33557,
716,186.89,187.325,182.05,186.74,967074.0,185.5277,1639976400000,17458,
717,188.69,193.77,187.66,193.3,621580.0,191.8979,1640062800000,14113,
718,193.82,198.95,193.115,198.87,606091.0,197.2806,1640149200000,13027,
719,198.07,203.85,198.07,202.76,637062.0,202.8652,1640235600000,14295,
720,203.45,207.19,203.16,207.02,461255.0,205.3307,1640581200000,11742,
721,207.67,207.67,205.09,205.6,291465.0,206.0813,1640667600000,7148,
722,205.66,207.47,205.35,206.83,331121.0,206.6363,1640754000000,7435,
723,207.16,207.55,203.81,203.97,315063.0,205.0797,1640840400000,8322,
724,203.55,205.69,202.64,204.78,386436.0,204.8454,1640926800000,7604,
725,205.34,206.99,203.38,205.01,850047.0,204.6325,1641186000000,15396,
726,205.6,208.705,205.6,208.13,804216.0,207.86,1641272400000,16430,
727,207.65,208.125,203.25,203.53,841755.0,205.3063,1641358800000,17947,
728,203.66,206.62,202.65,206.21,1306461.0,205.3211,1641445200000,19581,
729,205.9,206.54,198.33,198.38,1122560.0,201.6043,1641531600000,20496,
730,196.38,200.6,192.29,200.21,1232750.0,197.4714,1641790800000,21361,
731,201.11,201.98,196.83,200.42,927069.0,199.9989,1641877200000,16541,
732,200.82,202.775,197.06,197.4,558126.0,198.3864,1641963600000,12637,
733,198.24,198.915,193.69,194.05,525708.0,195.6804,1642050000000,13637,
734,192.08,193.32,188.16,191.64,687524.0,190.8575,1642136400000,13564,
735,188.49,191.16,188.081,189.94,768481.0,189.8001,1642482000000,15063,
736,190.37,192.58,189.05,189.4,1075162.0,190.4262,1642568400000,14596,
737,190.72,194.48,188.445,188.98,831523.0,191.452,1642654800000,17026,
738,188.64,189.595,184.33,184.66,696655.0,185.933,1642741200000,15318,
739,182.37,185.68,177.4,185.15,1193171.0,182.0512,1643000400000,25294,
740,181.33,183.34,178.24,180.85,1017685.0,180.5288,1643086800000,17665,
741,182.38,188.215,179.89,182.49,1170456.0,184.0154,1643173200000,19277,
742,184.75,188.035,180.31,181.73,775752.0,183.0118,1643259600000,15840,
743,181.57,184.86,178.59,184.53,806850.0,181.56,1643346000000,16349,
744,184.155,189.15,183.8,189.05,986310.0,187.9887,1643605200000,16505,
745,188.69,189.975,185.97,189.4,704630.0,188.8189,1643691600000,14723,
746,189.97,195.31,189.97,194.6,925381.0,193.8179,1643778000000,17746,
747,192.81,195.78,192.22,192.97,1473090.0,193.8916,1643864400000,22942,
748,192.58,194.37,189.83,192.3,691269.0,192.534,1643950800000,13365,
749,192.58,193.58,189.35,191.31,638181.0,191.2393,1644210000000,16119,
750,191.85,195.29,190.72,194.76,786695.0,194.1478,1644296400000,17044,
751,198.55,199.77,188.65,189.96,2115388.0,191.9189,1644382800000,31221,
752,186.54,187.775,182.55,183.37,1700692.0,184.4531,1644469200000,30124,
753,183.62,184.08,178.27,178.75,1826017.0,179.8463,1644555600000,32835,
754,178.75,180.09,175.28,176.1,1505983.0,176.6241,1644814800000,21761,
755,179.73,184.45,178.13,183.62,1010347.0,182.874,1644901200000,20540,
756,182.1,186.11,180.89,185.48,1023064.0,184.0906,1644987600000,17915,
757,183.75,184.265,181.54,182.28,816566.0,182.925,1645074000000,19320,
758,182.17,183.91,180.8575,181.76,690371.0,182.3324,1645160400000,14050,
759,180.4423,183.69,177.51,177.99,920690.0,179.4882,1645506000000,16520,
760,178.72,179.98,168.9,169.1,1231247.0,171.9785,1645592400000,22783,
761,164.03,171.47,163.29,171.3,1208907.0,168.224,1645678800000,26795,
762,171.94,177.7,170.35,177.53,986409.0,175.6725,1645765200000,21992,
763,174.54,174.93,169.85,172.46,1229775.0,172.167,1646024400000,23687,
764,171.19,172.68,168.17,169.41,915681.0,169.4009,1646110800000,22515,
765,170.38,175.49,170.37,174.02,635602.0,173.6245,1646197200000,15704,
766,174.83,175.88,172.07,174.35,538899.0,174.4214,1646283600000,13588,
767,172.25,173.15,168.31,171.57,634127.0,170.3034,1646370000000,14934,
768,170.62,170.87,165.4,165.44,662396.0,167.058,1646629200000,15323,
769,166.34,169.035,162.91,164.78,794268.0,165.9126,1646715600000,17523,
770,169.16,171.895,166.94,171.0,720203.0,169.9378,1646802000000,16389,
771,168.2,170.552,167.03,170.12,438661.0,169.324,1646888400000,11334,
772,171.63,172.82,169.82,170.0,751451.0,171.1233,1646974800000,15715,
773,170.88,171.91,165.195,166.6,800150.0,167.3118,1647230400000,16511,
774,167.52,172.595,166.75,172.28,751441.0,170.4005,1647316800000,14751,
775,173.63,176.8006,169.9,173.4,696053.0,173.3705,1647403200000,14819,
776,172.59,176.67,172.33,176.41,546499.0,175.4088,1647489600000,12356,
777,175.77,179.93,175.19,179.39,965841.0,178.4949,1647576000000,13413,
778,178.96,179.99,177.295,178.79,450178.0,178.3788,1647835200000,13204,
779,179.73,180.285,177.52,178.15,633929.0,178.4658,1647921600000,12787,
780,177.71,178.33,174.52,174.53,377991.0,175.9797,1648008000000,11907,
781,175.0,176.47,174.195,175.84,621215.0,175.5831,1648094400000,12739,
782,176.89,177.15,174.08,176.15,677379.0,175.5429,1648180800000,14464,
783,175.47,177.849,174.82,177.31,1151013.0,176.7308,1648440000000,13127,
784,179.62,182.85,179.06,180.96,1517638.0,180.6441,1648526400000,21461,
785,180.64,180.64,177.605,178.82,874075.0,179.1729,1648612800000,15202,
786,179.65,181.135,178.41,178.89,1371687.0,179.6458,1648699200000,18731,
787,179.9,180.16,175.0,177.8,858905.0,176.9415,1648785600000,17895,
788,177.76,179.72,176.785,178.83,650662.0,178.8941,1649044800000,15472,
789,178.15,179.45,176.13,176.81,589008.0,177.1386,1649131200000,14265,
790,175.17,177.36,174.03,176.38,868206.0,176.0087,1649217600000,18139,
791,175.8,178.275,174.93,177.32,736189.0,177.0769,1649304000000,15099,
792,177.42,177.51,174.91,175.55,646511.0,176.0732,1649390400000,12958,
793,174.94,175.69,171.8559,172.21,576898.0,173.2656,1649649600000,15180,
794,173.25,175.8,170.65,171.65,734319.0,172.8413,1649736000000,17653,
795,171.34,172.24,170.03,170.97,788987.0,171.2825,1649822400000,14508,
796,174.122,176.75,172.63,172.97,1028725.0,174.5239,1649908800000,22196,
797,172.72,174.75,170.87,171.68,828065.0,172.0834,1650254400000,16661,
798,172.15,175.2,172.15,173.94,2277115.0,173.3137,1650340800000,18969,
799,176.05,181.0,175.595,179.0,962623.0,179.1297,1650427200000,18614,
800,179.96,181.02,175.8,176.41,514814.0,177.2578,1650513600000,9358,
801,175.4,175.4,169.27,169.54,806585.0,170.6323,1650600000000,15134,
802,169.13,170.88,165.37,170.65,810519.0,168.5814,1650859200000,19747,
803,169.52,169.96,163.02,163.17,1100030.0,164.953,1650945600000,19762,
804,163.04,165.52,161.66,162.53,1274118.0,163.3065,1651032000000,19001,
805,164.08,168.99,163.5,168.64,1227162.0,165.7748,1651118400000,20003,
806,167.68,169.39,162.65,163.18,862475.0,164.9021,1651204800000,16517,
807,163.02,164.52,159.91,164.13,1215650.0,162.747,1651464000000,22490,
808,164.81,168.63,163.87,167.68,1316623.0,167.0889,1651550400000,26614,
809,169.0,177.57,169.0,177.11,1625104.0,174.5528,1651636800000,28626,
810,175.15,176.63,168.63,171.21,1190501.0,171.6164,1651723200000,23555,
811,170.25,171.97,166.97,170.62,792458.0,170.0702,1651809600000,17854,
812,167.78,169.6,164.07,164.8,742595.0,165.9571,1652068800000,18485,
813,168.26,169.71,164.28,166.55,773418.0,166.652,1652155200000,17461,
814,167.0,170.44,164.04,164.45,847049.0,166.0459,1652241600000,15967,
815,163.25,167.91,163.25,166.79,862285.0,165.9526,1652328000000,17716,
816,167.89,170.73,167.44,169.34,746236.0,169.388,1652414400000,15830,
817,168.37,170.67,166.57,169.17,724599.0,169.2117,1652673600000,12355,
818,171.8,173.31,170.615,172.65,473880.0,172.2189,1652760000000,12460,
819,171.25,172.17,162.811,163.73,685845.0,164.8224,1652846400000,16966,
820,162.52,164.21,158.91,161.95,949443.0,162.3438,1652932800000,20097,
821,163.21,163.42,155.3925,160.2,749696.0,158.8172,1653019200000,19126,
822,161.85,163.145,158.98,161.25,847437.0,161.4619,1653278400000,18975,
823,159.84,160.43,156.12,158.81,953433.0,157.9854,1653364800000,17922,
824,157.73,162.38,157.22,161.26,1361933.0,160.0663,1653451200000,19335,
825,163.07,167.22,161.96,166.52,777263.0,165.7254,1653537600000,18373,
826,168.34,171.1,168.28,171.1,506777.0,170.2012,1653624000000,13967,
827,170.22,171.79,168.01,169.86,2237284.0,170.0844,1653969600000,16597,
828,170.43,172.12,168.67,171.21,793799.0,170.7329,1654056000000,16800,
829,171.77,176.3,170.53,176.13,572366.0,174.5472,1654142400000,15477,
830,174.16,176.035,173.585,175.59,537215.0,175.2391,1654228800000,13588,
831,176.94,178.88,175.59,175.73,848384.0,176.2505,1654488000000,13427,
832,174.34,178.515,173.91,178.1,558894.0,177.4173,1654574400000,11113,
833,177.23,177.23,173.02,174.34,478720.0,174.4287,1654660800000,12365,
834,174.03,176.6,172.87,173.59,719020.0,174.1936,1654747200000,14284,
835,170.7,171.59,167.32,167.34,699708.0,168.26,1654833600000,17748,
836,163.5,165.85,160.38,160.88,1041965.0,161.9982,1655092800000,17918,
837,161.16,162.855,160.37,162.5,760425.0,161.9855,1655179200000,14985,
838,163.38,166.69,161.54,163.85,582588.0,164.3352,1655265600000,13442,
839,160.08,160.26,154.72,155.94,763008.0,156.4007,1655352000000,17872,
840,157.36,158.285,154.13,156.2,1122166.0,156.5277,1655438400000,16425,
841,158.42,160.17,157.685,159.83,643470.0,159.5456,1655784000000,13181,
842,158.11,160.84,156.52,159.63,568569.0,159.3595,1655870400000,12776,
843,160.63,161.07,156.98,158.12,703119.0,158.2608,1655956800000,15315,
844,159.77,164.37,159.77,164.34,1191803.0,163.8613,1656043200000,18201,
845,165.0,166.36,162.82,165.78,532597.0,165.4525,1656302400000,11957,
846,165.72,166.84,159.13,159.37,681284.0,161.9574,1656388800000,16617,
847,159.37,159.37,156.39,158.08,550761.0,157.5128,1656475200000,13851,
848,156.01,158.8395,154.81,157.56,797196.0,157.2564,1656561600000,14763,
849,156.4,159.195,154.22,157.0,798080.0,156.2874,1656648000000,17151,
850,153.81,157.88,152.15,157.75,701820.0,155.6198,1656993600000,15183,
851,158.48,159.55,157.05,158.16,464993.0,158.3651,1657080000000,10712,
852,159.5,160.98,159.26,159.82,590602.0,160.0334,1657166400000,12560,
853,159.17,161.69,158.27,161.53,410094.0,160.9471,1657252800000,10393,
854,160.82,160.96,158.44,158.59,375250.0,159.1032,1657512000000,9531,
855,159.18,161.062,157.3025,158.2,470308.0,159.3965,1657598400000,11060,
856,155.8,158.84,154.614,158.3,485734.0,157.3696,1657684800000,12398,
857,157.72,159.56,155.56,158.77,512260.0,158.1579,1657771200000,12271,
858,160.08,161.69,159.59,161.51,511316.0,161.2916,1657857600000,8828,
859,161.69,163.53,159.11,159.67,461679.0,160.9377,1658116800000,8969,
860,162.05,167.75,162.05,167.53,639282.0,166.6186,1658203200000,13904,
861,167.19,169.65,166.27,169.21,454191.0,168.57,1658289600000,11827,
862,169.0,171.42,168.56,171.25,456683.0,170.5621,1658376000000,11864,
863,171.27,171.76,168.58,170.1,710044.0,169.6138,1658462400000,13350,
864,171.08,171.24,169.2,170.44,272524.0,170.0898,1658721600000,9349,
865,170.77,171.2,169.42,170.1,623488.0,170.2737,1658808000000,11942,
866,170.93,175.7,170.41,174.8,538616.0,173.7292,1658894400000,12348,
867,175.34,178.44,174.37,178.15,707607.0,177.2538,1658980800000,15145,
868,178.54,182.05,177.84,181.53,963332.0,180.2565,1659067200000,15877,
869,180.01,182.78,179.44,181.51,766365.0,181.4747,1659326400000,16819,
870,181.19,182.39,179.43,180.33,939573.0,180.9191,1659412800000,19489,
871,180.33,182.73,177.725,181.96,1019187.0,181.5452,1659499200000,20190,
872,181.04,182.24,178.82,180.02,832547.0,180.3233,1659585600000,16756,
873,178.18,180.27,177.44,179.69,823713.0,179.3312,1659672000000,19206,
874,180.23,181.3,177.5,178.58,875989.0,178.7012,1659931200000,12565,
875,177.7,178.69,172.12,172.52,1401410.0,173.009,1660017600000,19816,
876,175.83,176.57,174.36,176.01,733220.0,175.9117,1660104000000,18065,
877,178.16,178.61,175.335,175.71,613906.0,176.4052,1660190400000,13648,
878,176.87,180.67,175.31,180.27,571496.0,179.4609,1660276800000,14494,
879,178.88,181.9,177.82,181.67,1449067.0,181.1722,1660536000000,16713,
880,181.04,183.94,180.5,183.55,582397.0,182.9811,1660622400000,15325,
881,183.55,183.94,181.13,182.62,943047.0,182.5913,1660708800000,15058,
882,183.18,187.26,183.02,187.11,1026554.0,185.6526,1660795200000,16327,
883,186.35,188.895,185.76,188.37,1334978.0,187.9969,1660881600000,25860,
884,186.07,187.2,184.66,185.11,1243741.0,185.4767,1661140800000,24386,
885,185.24,186.2499,184.53,184.87,863914.0,185.2192,1661227200000,17770,
886,184.35,185.47,183.37,184.4,683068.0,184.701,1661313600000,16098,
887,184.68,187.95,184.68,187.9,522335.0,186.9377,1661400000000,13081,
888,187.9,187.9,179.38,179.69,987137.0,182.2644,1661486400000,21831,
889,177.88,179.285,176.87,178.0,858154.0,178.1518,1661745600000,14272,
890,178.0,178.135,174.537,175.07,817370.0,175.4219,1661832000000,15411,
891,175.68,175.88,170.33,170.7,1180675.0,171.5996,1661918400000,21070,
892,169.5,170.89,167.945,170.51,788551.0,169.4227,1662004800000,20412,
893,172.48,173.04,167.78,168.5,549061.0,169.8022,1662091200000,15423,
894,169.75,170.235,167.15,169.37,630237.0,168.9586,1662436800000,17923,
895,169.6,173.395,168.72,173.07,600484.0,172.0602,1662523200000,16006,
896,171.77,175.2,171.53,174.36,480287.0,173.983,1662609600000,16991,
897,175.7,176.75,174.75,175.57,624567.0,175.8278,1662696000000,14813,
898,177.15,177.84,175.586,177.78,610140.0,177.198,1662955200000,17705,
899,173.88,175.33,171.64,172.45,852644.0,173.4092,1663041600000,19565,
900,172.77,173.92,170.3008,172.04,616911.0,172.3857,1663128000000,16119,
901,171.88,172.73,169.13,169.68,468971.0,170.1146,1663214400000,14010,
902,168.69,171.51,166.81,170.83,1267571.0,169.7661,1663300800000,23990,
903,169.27,170.94,168.0786,170.68,465041.0,170.121,1663560000000,12224,
904,169.93,170.12,166.865,168.25,474890.0,168.1975,1663646400000,13297,
905,168.96,170.6,165.4,165.4,523931.0,167.525,1663732800000,14344,
906,165.0,165.09,161.245,162.64,606033.0,162.6934,1663819200000,16136,
907,161.84,161.84,157.7,159.91,543037.0,159.6448,1663905600000,15710,
908,159.53,161.45,158.02,158.3,409572.0,159.178,1664164800000,12077,
909,159.53,160.79,156.07,157.73,423978.0,157.8016,1664251200000,13794,
910,158.12,162.39,157.285,161.46,901471.0,160.3233,1664337600000,22178,
911,159.95,161.504,158.19,158.97,712806.0,159.2804,1664424000000,16285,
912,159.13,160.35,155.89,156.08,717457.0,157.4811,1664510400000,14643,
913,157.06,161.1971,156.865,159.91,734919.0,159.5892,1664769600000,17714,
914,162.91,166.41,162.86,166.34,600024.0,165.576,1664856000000,15283,
915,164.82,167.79,163.9,166.55,351742.0,166.1559,1664942400000,11322,
916,166.61,167.73,164.46,165.0,539393.0,165.8341,1665028800000,16104,
917,162.79,162.79,158.95,159.62,750905.0,159.9269,1665115200000,18493,
918,160.26,160.26,156.74,158.43,576546.0,158.1627,1665374400000,14092,
919,158.68,158.68,151.815,152.6,1046090.0,154.1129,1665460800000,24198,
920,153.53,154.09,152.44,152.59,871894.0,153.0207,1665547200000,20071,
921,149.02,158.9836,147.91,157.89,867644.0,155.5407,1665633600000,21114,
922,159.57,160.0,153.8,154.08,687916.0,155.3546,1665720000000,16127,
923,157.28,159.67,157.28,159.26,777089.0,159.0385,1665979200000,19043,
924,162.72,163.8799,160.12,161.18,815784.0,161.4724,1666065600000,19470,
925,160.18,161.71,158.54,159.47,358374.0,159.8246,1666152000000,9124,
926,160.57,161.72,157.35,158.42,648409.0,158.7232,1666238400000,14442,
927,158.66,163.22,157.5,162.43,555850.0,161.2683,1666324800000,10148,
928,163.47,165.38,162.515,164.7,484007.0,164.4868,1666584000000,12035,
929,164.96,168.67,164.96,168.56,548803.0,167.7166,1666670400000,14380,
930,167.72,169.4491,166.19,167.58,516188.0,167.7971,1666756800000,12355,
931,168.96,169.67,166.975,168.43,649119.0,168.539,1666843200000,15330,
932,168.44,173.69,168.42,172.88,513347.0,171.9634,1666929600000,11390,
933,171.77,174.15,171.185,172.81,839775.0,172.7268,1667188800000,19901,
934,174.06,174.7,170.5,172.58,1006919.0,172.4599,1667275200000,26477,
935,169.32,179.2575,167.6,172.4,1351170.0,173.8783,1667361600000,30255,
936,169.53,173.4,166.0,172.83,934721.0,171.8527,1667448000000,24848,
937,175.41,175.65,168.96,172.41,646568.0,171.7927,1667534400000,16397,
938,172.67,173.36,170.175,172.31,529984.0,172.0093,1667797200000,17490,
939,173.39,177.055,172.2,175.72,598911.0,175.4233,1667883600000,16520,
940,174.56,175.65,171.75,172.09,430237.0,173.0618,1667970000000,13067,
941,178.94,185.78,178.18,185.5,772891.0,183.8239,1668056400000,18913,
942,186.71,188.87,184.1,184.35,531819.0,185.618,1668142800000,16587,
943,183.74,186.0644,182.42,182.49,416811.0,184.1982,1668402000000,11383,
944,185.27,186.08,182.86,184.83,297669.0,184.7467,1668488400000,9450,
945,184.65,184.65,182.6,182.88,581450.0,183.1718,1668574800000,10603,
946,180.79,183.23,179.495,183.2,293655.0,182.0426,1668661200000,10569,
947,184.97,186.24,183.46,185.6,369250.0,185.4316,1668747600000,12246,
948,185.5,186.76,183.92,185.12,479534.0,185.4307,1669006800000,12832,
949,186.3,189.34,185.33,188.5,452081.0,188.0878,1669093200000,13022,
950,188.34,190.74,187.7138,189.24,320602.0,189.0376,1669179600000,10348,
951,188.78,189.43,188.0,188.2,231939.0,188.5299,1669352400000,4865,
952,187.18,188.11,184.6,185.3,977787.0,185.7776,1669611600000,17189,
953,185.1,185.84,182.32,184.08,703481.0,183.8808,1669698000000,14681,
954,183.82,188.93,182.89,188.64,1488256.0,187.1246,1669784400000,21289,
955,190.0,192.0,188.945,191.21,666067.0,191.0387,1669870800000,19590,
956,188.5,190.7,187.69,190.02,684778.0,189.6959,1669957200000,19574,
957,188.39,188.39,185.205,186.93,525371.0,186.5802,1670216400000,14888,
958,187.27,187.27,183.1232,184.74,354260.0,184.5423,1670302800000,12345,
959,184.72,185.78,183.4,184.85,589912.0,184.8149,1670389200000,14537,
960,185.49,187.18,184.48,186.95,401015.0,186.4561,1670475600000,13402,
961,187.2,188.28,185.35,185.48,344926.0,186.4719,1670562000000,11683,
962,185.93,189.68,185.44,189.62,509549.0,188.3334,1670821200000,14111,
963,195.0,195.0,189.68,192.98,905541.0,192.5415,1670907600000,21086,
964,192.61,197.0,190.86,192.03,660160.0,194.1346,1670994000000,19260,
965,189.33,191.9895,183.47,184.2,550030.0,184.777,1671080400000,15720,
966,182.91,183.77,179.44,181.28,1176494.0,181.3059,1671166800000,19961,
967,180.63,181.09,177.84,178.33,458923.0,178.7774,1671426000000,12829,
968,178.4,179.1656,177.45,178.94,496668.0,178.7652,1671512400000,12000,
969,180.66,183.1,179.71,181.09,572115.0,181.4272,1671598800000,14629,
970,179.48,180.83,175.54,177.82,576637.0,177.2032,1671685200000,14782,
971,177.34,178.61,176.4,178.14,350709.0,177.8445,1671771600000,11143,
972,179.05,180.0956,177.6,178.99,566984.0,179.0207,1672117200000,10579,
973,179.16,179.69,175.34,175.47,396903.0,176.5891,1672203600000,9080,
974,176.73,180.66,176.11,179.86,387528.0,179.5348,1672290000000,10086,
975,178.55,178.7,176.48,178.58,337866.0,178.0448,1672376400000,9374,
976,179.4,181.02,178.04,179.51,515349.0,179.4622,1672722000000,12583,
977,181.52,182.97,179.8675,181.15,630757.0,181.1013,1672808400000,13985,
978,179.6,180.55,177.61,178.06,635011.0,178.7444,1672894800000,12910,
979,180.33,183.765,179.48,183.22,443885.0,182.2381,1672981200000,10889,
980,183.8,186.87,183.185,183.96,567005.0,184.7009,1673240400000,13945,
981,183.45,186.49,182.87,186.38,349015.0,185.46,1673326800000,11157,
982,186.96,190.7,186.785,190.58,506472.0,189.731,1673413200000,15534,
983,190.89,193.605,189.28,193.39,686236.0,192.5395,1673499600000,17827,
984,192.01,195.295,192.0,194.85,713683.0,194.4944,1673586000000,14888,
985,195.15,198.28,194.03,197.62,1108177.0,197.4651,1673931600000,21326,
986,199.0,201.0,197.39,198.09,1370316.0,198.6771,1674018000000,22905,
987,197.32,198.225,195.74,197.29,1432417.0,197.1144,1674104400000,23920,
988,197.16,199.11,196.755,198.76,1139335.0,198.1279,1674190800000,22543,
989,198.94,201.78,197.85,199.97,691928.0,200.2304,1674450000000,15084,
990,199.62,199.62,196.58,197.14,754636.0,198.055,1674536400000,16934,
991,194.66,194.98,189.38,192.12,861958.0,191.765,1674622800000,18696,
992,193.61,195.065,191.89,194.3,753820.0,193.7026,1674709200000,15905,
993,193.11,194.41,192.81,193.29,758280.0,193.5076,1674795600000,14829,
994,192.43,194.94,192.26,194.03,709028.0,194.0334,1675054800000,16316,
995,194.5,196.12,191.26,196.03,871410.0,195.2613,1675141200000,13146,
996,194.77,200.415,194.77,199.18,722068.0,197.6365,1675227600000,15094,
997,200.58,203.35,200.28,202.08,1250940.0,201.8877,1675314000000,19719,
998,200.08,203.565,200.08,201.08,742091.0,201.6117,1675400400000,13687,
999,199.33,201.75,199.02,200.06,903861.0,200.4726,1675659600000,14932,
1000,198.87,199.8,195.41,199.29,966102.0,198.1721,1675746000000,21650,
1001,200.45,204.77,195.26,201.66,1471035.0,202.0017,1675832400000,30515,
1002,203.7,203.98,202.03,203.36,1579275.0,203.0866,1675918800000,24189,
1003,203.08,205.77,201.98,205.64,1190223.0,204.7793,1676005200000,25620,
1004,206.0,211.4,205.81,211.2,1441983.0,210.2523,1676264400000,27939,
1005,209.68,210.72,206.32,208.09,902100.0,208.4325,1676350800000,21698,
1006,206.51,212.7,206.51,212.62,954638.0,211.2516,1676437200000,19075,
1007,211.87,214.96,210.92,214.25,1409010.0,213.6574,1676523600000,28058,
1008,213.44,215.0,212.25,213.93,1073662.0,213.48,1676610000000,25428,
1009,213.04,213.04,204.92,205.5,1106350.0,206.8652,1676955600000,23241,
1010,205.94,205.94,202.68,203.99,688740.0,204.0803,1677042000000,17386,
1011,205.8,205.8,202.28,204.62,591364.0,203.9155,1677128400000,16223,
1012,201.72,203.2,201.45,202.53,529546.0,202.3432,1677214800000,14946,
1013,204.12,204.55,201.63,202.52,690375.0,202.6641,1677474000000,15795,
1014,202.33,204.29,202.06,202.42,819114.0,202.8169,1677560400000,16032,
1015,202.14,203.45,200.34,200.78,521154.0,201.2232,1677646800000,15405,
1016,199.8,202.255,199.17,201.52,517608.0,200.799,1677733200000,12951,
1017,202.29,202.57,200.88,201.63,658200.0,201.8067,1677819600000,17497,
1018,201.91,203.68,201.91,202.99,625393.0,202.9725,1678078800000,18129,
1019,202.98,203.35,198.68,199.33,468976.0,200.1687,1678165200000,16028,
1020,199.3,200.417,198.5,199.98,568663.0,199.5081,1678251600000,14365,
1021,200.71,201.665,196.11,196.21,582415.0,197.8483,1678338000000,15701,
1022,194.63,194.63,189.15,190.47,699104.0,191.1734,1678424400000,20890,
1023,188.83,191.7,188.05,188.42,729589.0,189.319,1678680000000,19753,
1024,190.48,193.5,189.41,191.3,872579.0,191.3822,1678766400000,17814,
1025,187.98,190.89,185.14,188.65,926847.0,187.5388,1678852800000,19899,
1026,187.1,193.79,186.55,193.58,933748.0,192.1841,1678939200000,22418,
1027,193.58,193.58,186.5,188.05,1622270.0,188.6713,1679025600000,21463,
1028,188.51,191.585,188.41,191.44,615084.0,190.8385,1679284800000,14394,
1029,192.68,195.0,192.37,194.49,620805.0,193.873,1679371200000,16740,
1030,194.03,195.625,190.6,190.68,574480.0,193.2091,1679457600000,12577,
1031,191.2,193.79,189.42,191.1,689888.0,191.5963,1679544000000,16322,
1032,190.36,191.71,187.57,191.71,580555.0,190.443,1679630400000,13642,
1033,192.615,194.18,191.24,191.67,768229.0,192.5048,1679889600000,16990,
1034,190.89,191.205,184.34,185.82,955388.0,185.9484,1679976000000,22166,
1035,187.25,188.63,186.415,188.3,585900.0,187.9564,1680062400000,14498,
1036,190.08,190.86,189.2,190.07,695385.0,190.0264,1680148800000,13903,
1037,190.49,195.04,190.15,194.89,945096.0,193.491,1680235200000,18027,
1038,194.09,195.47,193.47,193.69,738339.0,194.25,1680494400000,16269,
1039,194.14,194.14,187.84,189.27,627706.0,189.4764,1680580800000,17574,
1040,188.42,189.36,187.3,187.97,634014.0,188.0275,1680667200000,15037,
1041,186.86,187.255,185.32,185.5,545168.0,186.0152,1680753600000,14291,
1042,185.07,189.3,184.45,189.04,708445.0,188.2178,1681099200000,17238,
1043,189.73,190.46,188.26,188.5,528985.0,189.1151,1681185600000,12806,
1044,190.0,190.52,187.33,188.09,547784.0,188.3809,1681272000000,13475,
1045,188.58,189.36,185.84,189.21,455220.0,188.4122,1681358400000,10324,
1046,188.86,190.43,185.135,186.96,840485.0,186.5128,1681444800000,18431,
1047,187.29,188.94,186.82,188.92,559168.0,188.1472,1681704000000,11719,
1048,190.49,191.58,188.89,190.29,691020.0,189.7654,1681790400000,16334,
1049,163.69,167.08,160.6601,165.12,5335806.0,164.7893,1681876800000,78836,
1050,164.15,167.01,162.975,164.68,2185987.0,165.058,1681963200000,39766,
1051,164.66,164.92,161.53,163.13,1078603.0,163.1876,1682049600000,23542,
1052,162.8,166.12,162.8,165.94,961973.0,164.8777,1682308800000,19898,
1053,165.37,166.28,164.29,165.11,1122488.0,165.1605,1682395200000,24956,
1054,164.88,165.75,163.725,165.12,1449531.0,164.7758,1682481600000,25458,
1055,165.83,168.33,164.49,168.03,1128529.0,167.061,1682568000000,23704,
1056,168.51,169.79,168.09,169.59,1126292.0,169.2234,1682654400000,20328,
1057,169.71,171.37,168.915,170.32,1349115.0,170.0098,1682913600000,27219,
1058,169.47,170.27,165.24,167.86,1463076.0,167.3442,1683000000000,27893,
1059,171.76,172.0,164.68,164.97,1103067.0,166.5665,1683086400000,21387,
1060,163.21,165.9253,162.59,163.86,1461538.0,163.8457,1683172800000,24558,
1061,165.61,167.71,165.2,165.99,1088924.0,166.1225,1683259200000,19742,
1062,165.29,166.98,165.1,166.13,1073368.0,165.997,1683518400000,17585,
1063,165.21,168.11,164.62,167.76,972514.0,167.2428,1683604800000,18576,
1064,168.45,169.14,166.835,168.66,1043144.0,168.326,1683691200000,15841,
1065,167.5,167.95,166.37,167.5,792877.0,167.3461,1683777600000,13716,
1066,168.64,170.27,167.81,170.24,545804.0,169.3401,1683864000000,14572,
1067,170.58,171.44,168.65,171.41,767160.0,170.5434,1684123200000,15776,
1068,170.41,171.3029,169.86,170.03,731453.0,170.4039,1684209600000,17130,
1069,170.88,173.62,169.93,173.25,1146539.0,172.1684,1684296000000,19269,
1070,173.98,175.03,172.54,174.73,851805.0,174.1638,1684382400000,19072,
1071,175.69,175.97,172.26,172.59,732087.0,173.0468,1684468800000,17922,
1072,173.03,175.875,172.61,175.71,731550.0,174.9677,1684728000000,16776,
1073,174.19,174.47,170.0,170.2,1124039.0,171.2067,1684814400000,23801,
1074,169.86,169.86,167.57,167.74,829610.0,168.3012,1684900800000,16165,
1075,168.33,171.63,168.33,170.64,655423.0,170.2736,1684987200000,14768,
1076,171.0,174.91,171.0,174.22,879057.0,174.102,1685073600000,19383,
1077,175.19,176.14,173.91,174.61,693763.0,174.9256,1685419200000,16141,
1078,172.99,173.63,171.28,171.69,1658609.0,171.8895,1685505600000,17028,
1079,171.78,174.09,170.96,173.28,618188.0,172.9201,1685592000000,14960,
1080,174.02,175.77,173.05,174.22,869763.0,174.6628,1685678400000,24620,
1081,173.6,173.6,169.04,169.34,1398413.0,170.147,1685937600000,29221,
1082,168.87,170.59,167.73,169.06,951358.0,169.1577,1686024000000,21481,
1083,169.91,172.24,169.44,172.22,658995.0,171.2917,1686110400000,17517,
1084,171.47,171.825,168.49,170.06,1044322.0,170.1078,1686196800000,21542,
1085,170.86,172.0,169.91,170.44,532882.0,170.5549,1686283200000,12460,
1086,170.59,173.625,170.04,173.27,498996.0,172.9471,1686542400000,12659,
1087,173.63,175.44,173.46,175.4,554157.0,174.8208,1686628800000,14103,
1088,175.48,177.88,175.2403,176.58,751206.0,176.5387,1686715200000,16800,
1089,176.27,179.68,176.27,178.2,1154867.0,178.0414,1686801600000,21598,
1090,179.49,180.32,177.12,178.15,1528376.0,178.3129,1686888000000,22125,
1091,177.1,178.88,176.16,177.3,705567.0,177.2894,1687233600000,15811,
1092,176.36,178.39,175.92,176.72,714760.0,177.2424,1687320000000,16320,
1093,176.72,178.97,176.28,178.53,686990.0,178.093,1687406400000,18161,
1094,176.92,179.12,176.535,177.4,1065036.0,177.7579,1687492800000,21124,
1095,177.4,179.51,176.45,176.92,906921.0,177.7743,1687752000000,17639,
1096,173.78,177.94,170.96,177.66,1080409.0,175.9458,1687838400000,21764,
1097,177.4,177.93,176.05,177.48,713099.0,177.0877,1687924800000,16896,
1098,177.69,180.67,176.89,180.65,849573.0,179.2432,1688011200000,17843,
1099,183.12,184.38,181.835,183.5,807164.0,183.4917,1688097600000,18860,
1100,182.68,183.4,181.25,183.22,409377.0,182.6153,1688356800000,10111,
1101,182.76,184.59,181.01,184.23,860848.0,183.47,1688529600000,21012,
1102,182.83,183.0,180.38,182.7,788541.0,182.0641,1688616000000,18358,
1103,182.2,184.93,182.2,183.33,437411.0,183.7171,1688702400000,12373,
1104,182.75,187.4,182.5,187.38,645447.0,186.555,1688961600000,14850,
1105,188.23,189.045,187.0,188.14,435952.0,187.9737,1689048000000,13961,
1106,189.77,190.01,186.355,186.54,719534.0,187.1395,1689134400000,16563,
1107,186.95,188.6,186.5,188.18,435465.0,188.0423,1689220800000,13160,
1108,187.41,187.93,185.55,186.39,324895.0,186.3776,1689307200000,10813,
1109,186.82,190.15,186.33,189.61,452738.0,189.191,1689566400000,13169,
1110,188.75,190.43,187.42,188.24,583326.0,188.4124,1689652800000,18042,
1111,189.04,190.615,188.92,189.75,484470.0,189.8192,1689739200000,14325,
1112,189.75,190.24,187.68,188.41,485773.0,188.6785,1689825600000,13091,
1113,189.84,190.08,188.36,188.52,478019.0,188.8879,1689912000000,12269,
1114,189.61,190.92,188.7201,189.99,461904.0,189.9474,1690171200000,11334,
1115,190.0,191.53,189.06,190.94,441724.0,191.0181,1690257600000,11528,
1116,190.575,191.57,189.02,189.63,428832.0,189.8589,1690344000000,13281,
1117,190.81,191.33,187.78,188.07,462812.0,188.871,1690430400000,13642,
1118,189.48,189.59,185.44,186.28,593525.0,186.6496,1690516800000,16411,
1119,186.22,187.15,184.99,187.07,1100464.0,186.0674,1690776000000,24960,
1120,187.07,188.71,186.13,187.33,1056029.0,186.9529,1690862400000,25060,
1121,187.39,201.115,185.14,197.0,2036588.0,197.159,1690948800000,43232,
1122,195.56,199.895,193.27,199.28,920061.0,198.6481,1691035200000,24047,
1123,198.71,202.53,197.58,197.87,721151.0,199.1325,1691121600000,17560,
1124,201.0,203.64,199.435,202.84,839439.0,202.7059,1691380800000,19926,
1125,202.29,203.015,200.16,202.68,433809.0,202.1424,1691467200000,12604,
1126,203.1,203.28,200.91,201.59,489588.0,201.9453,1691553600000,14381,
1127,201.95,205.125,201.55,202.66,588776.0,202.9214,1691640000000,14591,
1128,202.31,204.68,202.31,203.48,463467.0,203.8455,1691726400000,13269,
1129,204.06,207.255,203.72,206.62,514464.0,206.2568,1691985600000,15111,
1130,206.14,206.27,204.51,204.68,523236.0,205.1817,1692072000000,14059,
1131,204.68,206.25,201.37,201.54,426238.0,202.3711,1692158400000,13418,
1132,202.49,203.54,200.25,200.32,339357.0,201.1437,1692244800000,10028,
1133,196.32,200.92,196.32,200.3,350473.0,200.0945,1692331200000,11207,
1134,200.65,201.982,199.7625,201.42,350622.0,201.15,1692590400000,11881,
1135,202.15,203.55,201.98,202.88,592991.0,202.8475,1692676800000,16883,
1136,203.05,205.27,202.46,204.83,473628.0,204.1525,1692763200000,11793,
1137,205.2,205.71,201.21,201.28,360936.0,202.3306,1692849600000,11491,
1138,202.93,204.58,201.12,204.0,300303.0,203.5784,1692936000000,9439,
1139,204.62,207.06,204.124,206.85,338128.0,206.2716,1693195200000,10094,
1140,206.85,208.7281,206.305,207.54,431315.0,207.7284,1693281600000,13337,
1141,207.38,208.53,207.09,208.11,487798.0,207.8727,1693368000000,13040,
1142,209.2,212.41,209.2,211.15,784574.0,211.3727,1693454400000,14958,
1143,212.5,214.28,212.07,213.18,486522.0,213.2699,1693540800000,12514,
1144,213.47,214.895,212.51,212.64,619006.0,213.2994,1693886400000,16046,
1145,212.0,213.52,209.9,213.28,548078.0,212.4018,1693972800000,16824,
1146,212.63,214.58,212.08,212.9,947637.0,213.1246,1694059200000,18141,
1147,213.52,215.695,211.935,212.67,475467.0,213.1307,1694145600000,13588,
1148,213.47,213.72,209.56,211.22,415517.0,210.9,1694404800000,14554,
1149,209.98,211.055,208.24,208.94,474804.0,209.1138,1694491200000,17412,
1150,208.85,209.54,205.515,208.33,877769.0,207.9405,1694577600000,14748,
1151,209.49,210.22,207.0,209.79,653037.0,209.1517,1694664000000,14271,
1152,209.87,210.015,206.13,207.0,1189703.0,207.2914,1694750400000,16962,
1153,206.9,209.97,206.9,208.69,503525.0,208.6983,1695009600000,12779,
1154,208.69,209.01,206.89,208.67,337483.0,208.1727,1695096000000,9942,
1155,208.49,209.675,207.75,209.0,610714.0,208.8462,1695182400000,15691,
1156,207.54,207.95,203.49,205.04,437410.0,205.2939,1695268800000,13679,
1157,204.92,207.03,204.92,205.76,414027.0,206.1502,1695355200000,11466,
1158,204.84,206.77,203.9301,205.0,429408.0,205.24,1695614400000,11631,
1159,203.24,203.4759,199.08,200.24,814834.0,200.3817,1695700800000,17499,
1160,200.38,200.88,197.28,198.69,724839.0,198.6664,1695787200000,17271,
1161,198.94,203.71,198.94,202.88,763459.0,202.559,1695873600000,16347,
1162,203.0,203.71,200.62,201.76,803398.0,202.13,1695960000000,15843,
1163,201.76,202.5,199.09,200.98,935443.0,200.5707,1696219200000,17244,
1164,204.0,208.78,201.07,201.77,979381.0,202.9396,1696305600000,21318,
1165,202.28,205.925,202.2003,205.42,704667.0,204.6457,1696392000000,16478,
1166,204.52,206.06,202.0,203.04,627747.0,203.1433,1696478400000,16153,
1167,202.57,206.68,202.57,205.63,1065410.0,205.2323,1696564800000,20680,
1168,205.03,208.575,204.99,208.12,401558.0,207.6045,1696824000000,12797,
1169,208.3,211.53,208.16,210.15,548125.0,210.3392,1696910400000,18083,
1170,211.15,213.95,211.15,213.82,521653.0,212.9782,1696996800000,16200,
1171,215.33,215.81,210.73,211.58,649717.0,212.594,1697083200000,16080,
1172,211.23,211.58,205.7,207.26,937148.0,207.3582,1697169600000,16752,
1173,207.55,210.015,207.29,208.82,520150.0,208.9608,1697428800000,14128,
1174,207.78,210.87,207.0911,208.9,481679.0,209.1524,1697515200000,11764,
1175,208.35,208.35,205.995,206.16,464778.0,206.8013,1697601600000,13676,
1176,206.73,207.19,202.35,202.85,563576.0,203.7033,1697688000000,13291,
1177,202.99,202.99,200.17,200.42,522126.0,201.0587,1697774400000,15237,
1178,199.26,201.35,197.985,199.55,555510.0,200.0314,1698033600000,12554,
1179,200.19,201.88,197.985,199.89,569524.0,199.6451,1698120000000,13939,
1180,199.42,202.52,198.03,198.7,548598.0,199.6709,1698206400000,17086,
1181,198.5,200.22,198.06,198.42,589797.0,198.9422,1698292800000,16155,
1182,197.65,199.84,196.69,198.9,645913.0,198.3807,1698379200000,17146,
1183,199.59,200.145,194.84,197.05,1088753.0,196.7471,1698638400000,23064,
1184,198.1,200.79,197.04,200.4,791212.0,200.016,1698724800000,18946,
1185,185.55,199.2,185.04,199.16,939363.0,196.9285,1698811200000,25264,
1186,200.21,207.06,200.12,206.67,801144.0,205.9528,1698897600000,22903,
1187,208.39,210.58,208.39,209.46,586185.0,209.6437,1698984000000,15399,
1188,209.88,211.2,208.69,211.04,513338.0,210.4958,1699246800000,15541,
1189,211.2,211.97,206.67,208.0,691834.0,208.1652,1699333200000,19354,
1190,208.87,209.53,207.28,209.28,479167.0,208.6318,1699419600000,13146,
1191,210.88,211.0,207.765,208.5,763453.0,208.5613,1699506000000,18107,
1192,209.5,211.75,207.8,211.67,546451.0,210.6026,1699592400000,14711,
1193,211.24,212.72,210.13,211.97,485532.0,211.8007,1699851600000,15546,
1194,214.75,218.86,214.73,218.46,655075.0,217.7688,1699938000000,18328,
1195,219.3,219.71,217.08,218.92,677529.0,218.848,1700024400000,19522,
1196,217.4,219.19,214.705,215.51,703294.0,216.3028,1700110800000,18566,
1197,216.97,218.025,213.44,215.29,960011.0,215.1414,1700197200000,21630,
1198,215.01,217.37,213.02,217.24,922879.0,216.2437,1700456400000,23188,
1199,216.97,217.975,216.02,216.84,708139.0,217.1868,1700542800000,20044,
1200,216.9,218.56,215.83,217.02,654972.0,217.2385,1700629200000,17587,
1201,217.76,217.76,214.9,216.69,246083.0,216.2001,1700802000000,8257,
1202,216.26,217.16,214.8,214.9,787884.0,215.4799,1701061200000,21795,
1203,213.83,215.32,212.63,212.68,585283.0,213.4055,1701147600000,17511,
1204,214.46,215.6,211.805,212.09,647628.0,212.7018,1701234000000,19696,
1205,211.99,212.58,208.785,210.88,2376979.0,210.7443,1701320400000,25354,
1206,210.71,212.77,208.3,212.56,873711.0,211.4034,1701406800000,25835,
1207,210.87,213.44,210.6,212.6,601126.0,212.2152,1701666000000,18281,
1208,212.0,212.11,208.97,210.41,481405.0,210.2503,1701752400000,16936,
1209,211.59,211.98,208.86,209.59,670478.0,210.2211,1701838800000,15586,
1210,211.81,213.33,210.74,212.58,807083.0,212.4134,1701925200000,18685,
1211,211.63,213.62,210.06,213.19,497288.0,212.9578,1702011600000,16191,
1212,215.23,219.7,215.23,215.72,1109197.0,216.5153,1702270800000,27153,
1213,214.65,219.32,214.02,217.62,940699.0,217.8426,1702357200000,23969,
1214,217.62,220.05,216.95,218.02,962744.0,218.0848,1702443600000,26097,
1215,219.79,222.5,218.185,220.44,1622237.0,220.5394,1702530000000,35798,
1216,220.46,223.45,219.83,223.23,9573973.0,223.0541,1702616400000,35615,
1217,225.0,226.66,222.4,223.69,879389.0,223.6356,1702875600000,22347,
1218,223.7,224.4,222.085,223.95,823456.0,223.7279,1702962000000,17804,
1219,223.61,226.659,222.3,222.41,758023.0,223.8826,1703048400000,20392,
1220,223.74,225.29,222.755,225.1,526700.0,224.3378,1703134800000,17197,
1221,226.54,226.85,225.17,226.63,524292.0,226.4501,1703221200000,14279,
1222,227.3,228.83,226.1,228.73,468448.0,228.1846,1703566800000,13883,
1223,229.21,229.42,227.91,228.55,564984.0,228.5315,1703653200000,15523,
1224,229.16,229.2,227.57,228.7,381283.0,228.5642,1703739600000,13198,
1225,228.56,229.31,226.62,227.32,564169.0,227.3598,1703826000000,15577,
